0 2366.93 -80
1 2364.84 -79.9
2 2362.69 -79.8
3 2360.49 -79.7
4 2358.24 -79.6
5 2355.93 -79.5
6 2353.56 -79.4
7 2351.11 -79.3
8 2348.59 -79.2
9 2345.98 -79.1
10 2343.28 -79
11 2340.48 -78.9
12 2337.55 -78.8
13 2334.49 -78.7
14 2331.26 -78.6
15 2327.85 -78.5
16 2324.21 -78.4
17 2320.3 -78.3
18 2316.03 -78.2
19 2311.28 -78.1
20 2305.84 -78
21 2299.27 -77.9
22 2290.27 -77.8
23 2273.84 -77.7282
24 2254.45 -77.8282
25 2246.4 -77.9282
26 2240.22 -78.0282
27 2235.01 -78.1282
28 2230.41 -78.2282
29 2226.24 -78.3282
30 2222.41 -78.4282
31 2218.85 -78.5282
32 2215.49 -78.6282
33 2212.32 -78.7282
34 2209.29 -78.8282
35 2206.4 -78.9282
36 2203.63 -79.0282
37 2200.95 -79.1282
38 2198.37 -79.2282
39 2195.87 -79.3282
40 2193.45 -79.4282
41 2191.09 -79.5282
42 2188.8 -79.6282
43 2186.56 -79.7282
44 2184.38 -79.8282
45 2182.25 -79.9282
46 2180.16 -80.0282
47 2178.12 -80.1282
48 2176.11 -80.2282
49 2174.15 -80.3282
50 2172.22 -80.4282
51 2170.32 -80.5282
52 2168.46 -80.6282
53 2166.62 -80.7282
54 2164.82 -80.8282
55 2163.04 -80.9282
56 2161.29 -81.0282
57 2159.56 -81.1282
58 2157.86 -81.2282
59 2156.18 -81.3282
60 2154.52 -81.4282
61 2152.88 -81.5282
62 2151.27 -81.6282
63 2149.67 -81.7282
64 2148.09 -81.8282
65 2146.53 -81.9282
66 2144.98 -82.0282
67 2143.45 -82.1282
68 2141.94 -82.2282
69 2140.44 -82.3282
70 2138.96 -82.4282
71 2137.49 -82.5282
72 2136.04 -82.6282
73 2134.6 -82.7282
74 2133.17 -82.8282
75 2131.75 -82.9282
76 2130.35 -83.0282
77 2128.96 -83.1282
78 2127.58 -83.2282
79 2126.22 -83.3282
80 2124.86 -83.4282
81 2123.51 -83.5282
82 2122.18 -83.6282
83 2120.85 -83.7282
84 2119.54 -83.8282
85 2118.23 -83.9282
86 2116.93 -84.0282
87 2115.65 -84.1282
88 2114.37 -84.2282
89 2113.1 -84.3282
90 2111.84 -84.4282
91 2110.59 -84.5282
92 2109.34 -84.6282
93 2108.1 -84.7282
94 2106.87 -84.8282
95 2105.65 -84.9282
96 2104.44 -85.0282
97 2103.23 -85.1282
98 2102.03 -85.2282
99 2100.84 -85.3282
100 2099.65 -85.4282
101 2098.47 -85.5282
102 2097.3 -85.6282
103 2096.14 -85.7282
104 2094.98 -85.8282
105 2093.82 -85.9282
106 2092.67 -86.0282
107 2091.53 -86.1282
108 2090.4 -86.2282
109 2089.26 -86.3282
110 2088.14 -86.4282
111 2087.02 -86.5282
112 2085.91 -86.6282
113 2084.8 -86.7282
114 2083.69 -86.8282
115 2082.6 -86.9282
116 2081.5 -87.0282
117 2080.41 -87.1282
118 2079.33 -87.2282
119 2078.25 -87.3282
120 2077.18 -87.4282
121 2076.11 -87.5282
122 2075.04 -87.6282
123 2073.98 -87.7282
124 2072.93 -87.8282
125 2071.88 -87.9282
126 2070.83 -88.0282
127 2069.79 -88.1282
128 2068.75 -88.2282
129 2067.71 -88.3282
130 2066.68 -88.4282
131 2065.65 -88.5282
132 2064.63 -88.6282
133 2063.61 -88.7282
134 2062.6 -88.8282
135 2061.58 -88.9282
136 2060.58 -89.0282
137 2059.57 -89.1282
138 2058.57 -89.2282
139 2057.57 -89.3282
140 2056.58 -89.4282
141 2055.59 -89.5282
142 2054.6 -89.6282
143 2053.62 -89.7282
144 2052.64 -89.8282
145 2051.66 -89.9282
146 2050.68 -90.0282
147 2049.71 -90.1282
148 2048.74 -90.2282
149 2047.78 -90.3282
150 2046.82 -90.4282
151 2045.86 -90.5282
152 2044.9 -90.6282
153 2043.95 -90.7282
154 2043 -90.8282
155 2042.05 -90.9282
156 2041.11 -91.0282
157 2040.17 -91.1282
158 2039.23 -91.2282
159 2038.29 -91.3282
160 2037.36 -91.4282
161 2036.43 -91.5282
162 2035.5 -91.6282
163 2034.57 -91.7282
164 2033.65 -91.8282
165 2032.73 -91.9282
166 2031.81 -92.0282
167 2030.89 -92.1282
168 2029.98 -92.2282
169 2029.07 -92.3282
170 2028.16 -92.4282
171 2027.25 -92.5282
172 2026.35 -92.6282
173 2025.45 -92.7282
174 2024.55 -92.8282
175 2023.65 -92.9282
176 2022.76 -93.0282
177 2021.86 -93.1282
178 2020.97 -93.2282
179 2020.08 -93.3282
180 2019.2 -93.4282
181 2018.31 -93.5282
182 2017.43 -93.6282
183 2016.55 -93.7282
184 2015.67 -93.8282
185 2014.8 -93.9282
186 2013.92 -94.0282
187 2013.05 -94.1282
188 2012.18 -94.2282
189 2011.31 -94.3282
190 2010.45 -94.4282
191 2009.58 -94.5282
192 2008.72 -94.6282
193 2007.86 -94.7282
194 2007 -94.8282
195 2006.14 -94.9282
196 2005.29 -95.0282
197 2004.43 -95.1282
198 2003.58 -95.2282
199 2002.73 -95.3282
200 2001.88 -95.4282
201 2001.04 -95.5282
202 2000.19 -95.6282
203 1999.35 -95.7282
204 1998.51 -95.8282
205 1997.67 -95.9282
206 1996.83 -96.0282
207 1995.99 -96.1282
208 1995.16 -96.2282
209 1994.33 -96.3282
210 1993.49 -96.4282
211 1992.66 -96.5282
212 1991.83 -96.6282
213 1991.01 -96.7282
214 1990.18 -96.8282
215 1989.36 -96.9282
216 1988.53 -97.0282
217 1987.71 -97.1282
218 1986.89 -97.2282
219 1986.08 -97.3282
220 1985.26 -97.4282
221 1984.44 -97.5282
222 1983.63 -97.6282
223 1982.82 -97.7282
224 1982.01 -97.8282
225 1981.2 -97.9282
226 1980.39 -98.0282
227 1979.58 -98.1282
228 1978.77 -98.2282
229 1977.97 -98.3282
230 1977.17 -98.4282
231 1976.36 -98.5282
232 1975.56 -98.6282
233 1974.77 -98.7282
234 1973.97 -98.8282
235 1973.17 -98.9282
236 1972.37 -99.0282
237 1971.58 -99.1282
238 1970.79 -99.2282
239 1970 -99.3282
240 1969.21 -99.4282
241 1968.42 -99.5282
242 1967.63 -99.6282
243 1966.84 -99.7282
244 1966.05 -99.8282
245 1965.27 -99.9282
246 1964.49 -100.028
247 1963.7 -100.128
248 1962.92 -100.228
249 1962.14 -100.328
250 1961.36 -100.428
251 1960.59 -100.528
252 1959.81 -100.628
253 1959.03 -100.728
254 1958.26 -100.828
255 1957.49 -100.928
256 1956.71 -101.028
257 1955.94 -101.128
258 1955.17 -101.228
259 1954.4 -101.328
260 1953.63 -101.428
261 1952.87 -101.528
262 1952.1 -101.628
263 1951.34 -101.728
264 1950.57 -101.828
265 1949.81 -101.928
266 1949.05 -102.028
267 1948.28 -102.128
268 1947.52 -102.228
269 1946.77 -102.328
270 1946.01 -102.428
271 1945.25 -102.528
272 1944.49 -102.628
273 1943.74 -102.728
274 1942.98 -102.828
275 1942.23 -102.928
276 1941.48 -103.028
277 1940.72 -103.128
278 1939.97 -103.228
279 1939.22 -103.328
280 1938.47 -103.428
281 1937.73 -103.528
282 1936.98 -103.628
283 1936.23 -103.728
284 1935.49 -103.828
285 1934.74 -103.928
286 1934 -104.028
287 1933.26 -104.128
288 1932.51 -104.228
289 1931.77 -104.328
290 1931.03 -104.428
291 1930.29 -104.528
292 1929.55 -104.628
293 1928.81 -104.728
294 1928.08 -104.828
295 1927.34 -104.928
296 1926.61 -105.028
297 1925.87 -105.128
298 1925.14 -105.228
299 1924.4 -105.328
300 1923.67 -105.428
301 1922.94 -105.528
302 1922.21 -105.628
303 1921.48 -105.728
304 1920.75 -105.828
305 1920.02 -105.928
306 1919.29 -106.028
307 1918.56 -106.128
308 1917.84 -106.228
309 1917.11 -106.328
310 1916.39 -106.428
311 1915.66 -106.528
312 1914.94 -106.628
313 1914.22 -106.728
314 1913.49 -106.828
315 1912.77 -106.928
316 1912.05 -107.028
317 1911.33 -107.128
318 1910.61 -107.228
319 1909.89 -107.328
320 1909.18 -107.428
321 1908.46 -107.528
322 1907.74 -107.628
323 1907.03 -107.728
324 1906.31 -107.828
325 1905.6 -107.928
326 1904.88 -108.028
327 1904.17 -108.128
328 1903.46 -108.228
329 1902.74 -108.328
330 1902.03 -108.428
331 1901.32 -108.528
332 1900.61 -108.628
333 1899.9 -108.728
334 1899.19 -108.828
335 1898.48 -108.928
336 1897.78 -109.028
337 1897.07 -109.128
338 1896.36 -109.228
339 1895.66 -109.328
340 1894.95 -109.428
341 1894.25 -109.528
342 1893.54 -109.628
343 1892.84 -109.728
344 1892.14 -109.828
345 1891.43 -109.928
346 1890.73 -110.028
347 1890.03 -110.128
348 1889.33 -110.228
349 1888.63 -110.328
350 1887.93 -110.428
351 1887.23 -110.528
352 1886.53 -110.628
353 1885.84 -110.728
354 1885.14 -110.828
355 1884.44 -110.928
356 1883.75 -111.028
357 1883.05 -111.128
358 1882.35 -111.228
359 1881.66 -111.328
360 1880.97 -111.428
361 1880.27 -111.528
362 1879.58 -111.628
363 1878.89 -111.728
364 1878.2 -111.828
365 1877.5 -111.928
366 1876.81 -112.028
367 1876.12 -112.128
368 1875.43 -112.228
369 1874.74 -112.328
370 1874.05 -112.428
371 1873.37 -112.528
372 1872.68 -112.628
373 1871.99 -112.728
374 1871.3 -112.828
375 1870.62 -112.928
376 1869.93 -113.028
377 1869.25 -113.128
378 1868.56 -113.228
379 1867.88 -113.328
380 1867.19 -113.428
381 1866.51 -113.528
382 1865.83 -113.628
383 1865.14 -113.728
384 1864.46 -113.828
385 1863.78 -113.928
386 1863.1 -114.028
387 1862.42 -114.128
388 1861.74 -114.228
389 1861.06 -114.328
390 1860.38 -114.428
391 1859.7 -114.528
392 1859.02 -114.628
393 1858.34 -114.728
394 1857.66 -114.828
395 1856.99 -114.928
396 1856.31 -115.028
397 1855.63 -115.128
398 1854.96 -115.228
399 1854.28 -115.328
400 1853.61 -115.428
401 1852.93 -115.528
402 1852.26 -115.628
403 1851.58 -115.728
404 1850.91 -115.828
405 1850.24 -115.928
406 1849.57 -116.028
407 1848.89 -116.128
408 1848.22 -116.228
409 1847.55 -116.328
410 1846.88 -116.428
411 1846.21 -116.528
412 1845.54 -116.628
413 1844.87 -116.728
414 1844.2 -116.828
415 1843.53 -116.928
416 1842.86 -117.028
417 1842.19 -117.128
418 1841.53 -117.228
419 1840.86 -117.328
420 1840.19 -117.428
421 1839.52 -117.528
422 1838.86 -117.628
423 1838.19 -117.728
424 1837.53 -117.828
425 1836.86 -117.928
426 1836.2 -118.028
427 1835.53 -118.128
428 1834.87 -118.228
429 1834.2 -118.328
430 1833.54 -118.428
431 1832.88 -118.528
432 1832.21 -118.628
433 1831.55 -118.728
434 1830.89 -118.828
435 1830.23 -118.928
436 1829.57 -119.028
437 1828.91 -119.128
438 1828.25 -119.228
439 1827.59 -119.328
440 1826.93 -119.428
441 1826.27 -119.528
442 1825.61 -119.628
443 1824.95 -119.728
444 1824.29 -119.828
445 1823.63 -119.928
446 1822.97 -120.028
447 1822.32 -120.128
448 1821.66 -120.228
449 1821 -120.328
450 1820.34 -120.428
451 1819.69 -120.528
452 1819.03 -120.628
453 1818.38 -120.728
454 1817.72 -120.828
455 1817.07 -120.928
456 1816.41 -121.028
457 1815.76 -121.128
458 1815.1 -121.228
459 1814.45 -121.328
460 1813.8 -121.428
461 1813.14 -121.528
462 1812.49 -121.628
463 1811.84 -121.728
464 1811.19 -121.828
465 1810.53 -121.928
466 1809.88 -122.028
467 1809.23 -122.128
468 1808.58 -122.228
469 1807.93 -122.328
470 1807.28 -122.428
471 1806.63 -122.528
472 1805.98 -122.628
473 1805.33 -122.728
474 1804.68 -122.828
475 1804.03 -122.928
476 1803.38 -123.028
477 1802.73 -123.128
478 1802.09 -123.228
479 1801.44 -123.328
480 1800.79 -123.428
481 1800.14 -123.528
482 1799.5 -123.628
483 1798.85 -123.728
484 1798.2 -123.828
485 1797.56 -123.928
486 1796.91 -124.028
487 1796.27 -124.128
488 1795.62 -124.228
489 1794.97 -124.328
490 1794.33 -124.428
491 1793.69 -124.528
492 1793.04 -124.628
493 1792.4 -124.728
494 1791.75 -124.828
495 1791.11 -124.928
496 1790.47 -125.028
497 1789.82 -125.128
498 1789.18 -125.228
499 1788.54 -125.328
500 1787.9 -125.428
501 1787.25 -125.528
502 1786.61 -125.628
503 1785.97 -125.728
504 1785.33 -125.828
505 1784.69 -125.928
506 1784.05 -126.028
507 1783.41 -126.128
508 1782.77 -126.228
509 1782.13 -126.328
510 1781.49 -126.428
511 1780.85 -126.528
512 1780.21 -126.628
513 1779.57 -126.728
514 1778.93 -126.828
515 1778.29 -126.928
516 1777.65 -127.028
517 1777.02 -127.128
518 1776.38 -127.228
519 1775.74 -127.328
520 1775.1 -127.428
521 1774.47 -127.528
522 1773.83 -127.628
523 1773.19 -127.728
524 1772.56 -127.828
525 1771.92 -127.928
526 1771.28 -128.028
527 1770.65 -128.128
528 1770.01 -128.228
529 1769.38 -128.328
530 1768.74 -128.428
531 1768.11 -128.528
532 1767.47 -128.628
533 1766.84 -128.728
534 1766.2 -128.828
535 1765.57 -128.928
536 1764.93 -129.028
537 1764.3 -129.128
538 1763.67 -129.228
539 1763.03 -129.328
540 1762.4 -129.428
541 1761.77 -129.528
542 1761.14 -129.628
543 1760.5 -129.728
544 1759.87 -129.828
545 1759.24 -129.928
546 1758.61 -130.028
547 1757.98 -130.128
548 1757.34 -130.228
549 1756.71 -130.328
550 1756.08 -130.428
551 1755.45 -130.528
552 1754.82 -130.628
553 1754.19 -130.728
554 1753.56 -130.828
555 1752.93 -130.928
556 1752.3 -131.028
557 1751.67 -131.128
558 1751.04 -131.228
559 1750.41 -131.328
560 1749.78 -131.428
561 1749.16 -131.528
562 1748.53 -131.628
563 1747.9 -131.728
564 1747.27 -131.828
565 1746.64 -131.928
566 1746.01 -132.028
567 1745.39 -132.128
568 1744.76 -132.228
569 1744.13 -132.328
570 1743.5 -132.428
571 1742.88 -132.528
572 1742.25 -132.628
573 1741.62 -132.728
574 1741 -132.828
575 1740.37 -132.928
576 1739.75 -133.028
577 1739.12 -133.128
578 1738.49 -133.228
579 1737.87 -133.328
580 1737.24 -133.428
581 1736.62 -133.528
582 1735.99 -133.628
583 1735.37 -133.728
584 1734.74 -133.828
585 1734.12 -133.928
586 1733.49 -134.028
587 1732.87 -134.128
588 1732.25 -134.228
589 1731.62 -134.328
590 1731 -134.428
591 1730.38 -134.528
592 1729.75 -134.628
593 1729.13 -134.728
594 1728.51 -134.828
595 1727.88 -134.928
596 1727.26 -135.028
597 1726.64 -135.128
598 1726.02 -135.228
599 1725.39 -135.328
600 1724.77 -135.428
601 1724.15 -135.528
602 1723.53 -135.628
603 1722.91 -135.728
604 1722.29 -135.828
605 1721.66 -135.928
606 1721.04 -136.028
607 1720.42 -136.128
608 1719.8 -136.228
609 1719.18 -136.328
610 1718.56 -136.428
611 1717.94 -136.528
612 1717.32 -136.628
613 1716.7 -136.728
614 1716.08 -136.828
615 1715.46 -136.928
616 1714.84 -137.028
617 1714.22 -137.128
618 1713.6 -137.228
619 1712.98 -137.328
620 1712.36 -137.428
621 1711.75 -137.528
622 1711.13 -137.628
623 1710.51 -137.728
624 1709.89 -137.828
625 1709.27 -137.928
626 1708.65 -138.028
627 1708.04 -138.128
628 1707.42 -138.228
629 1706.8 -138.328
630 1706.18 -138.428
631 1705.57 -138.528
632 1704.95 -138.628
633 1704.33 -138.728
634 1703.72 -138.828
635 1703.1 -138.928
636 1702.48 -139.028
637 1701.87 -139.128
638 1701.25 -139.228
639 1700.63 -139.328
640 1700.02 -139.428
641 1699.4 -139.528
642 1698.78 -139.628
643 1698.17 -139.728
644 1697.55 -139.828
645 1696.94 -139.928
646 1696.32 -140.028
647 1695.71 -140.128
648 1695.09 -140.228
649 1694.48 -140.328
650 1693.86 -140.428
651 1693.25 -140.528
652 1692.63 -140.628
653 1692.02 -140.728
654 1691.41 -140.828
655 1690.79 -140.928
656 1690.18 -141.028
657 1689.56 -141.128
658 1688.95 -141.228
659 1688.34 -141.328
660 1687.72 -141.428
661 1687.11 -141.528
662 1686.5 -141.628
663 1685.88 -141.728
664 1685.27 -141.828
665 1684.66 -141.928
666 1684.04 -142.028
667 1683.43 -142.128
668 1682.82 -142.228
669 1682.21 -142.328
670 1681.59 -142.428
671 1680.98 -142.528
672 1680.37 -142.628
673 1679.76 -142.728
674 1679.15 -142.828
675 1678.53 -142.928
676 1677.92 -143.028
677 1677.31 -143.128
678 1676.7 -143.228
679 1676.09 -143.328
680 1675.48 -143.428
681 1674.87 -143.528
682 1674.25 -143.628
683 1673.64 -143.728
684 1673.03 -143.828
685 1672.42 -143.928
686 1671.81 -144.028
687 1671.2 -144.128
688 1670.59 -144.228
689 1669.98 -144.328
690 1669.37 -144.428
691 1668.76 -144.528
692 1668.15 -144.628
693 1667.54 -144.728
694 1666.93 -144.828
695 1666.32 -144.928
696 1665.71 -145.028
697 1665.1 -145.128
698 1664.5 -145.228
699 1663.89 -145.328
700 1663.28 -145.428
701 1662.67 -145.528
702 1662.06 -145.628
703 1661.45 -145.728
704 1660.84 -145.828
705 1660.23 -145.928
706 1659.63 -146.028
707 1659.02 -146.128
708 1658.41 -146.228
709 1657.8 -146.328
710 1657.19 -146.428
711 1656.59 -146.528
712 1655.98 -146.628
713 1655.37 -146.728
714 1654.76 -146.828
715 1654.16 -146.928
716 1653.55 -147.028
717 1652.94 -147.128
718 1652.33 -147.228
719 1651.73 -147.328
720 1651.12 -147.428
721 1650.51 -147.528
722 1649.91 -147.628
723 1649.3 -147.728
724 1648.69 -147.828
725 1648.09 -147.928
726 1647.48 -148.028
727 1646.87 -148.128
728 1646.27 -148.228
729 1645.66 -148.328
730 1645.06 -148.428
731 1644.45 -148.528
732 1643.84 -148.628
733 1643.24 -148.728
734 1642.63 -148.828
735 1642.03 -148.928
736 1641.42 -149.028
737 1640.82 -149.128
738 1640.21 -149.228
739 1639.61 -149.328
740 1639 -149.428
741 1638.39 -149.528
742 1637.79 -149.628
743 1637.19 -149.728
744 1636.58 -149.828
745 1635.98 -149.928
746 1635.37 -150.028
747 1634.77 -150.128
748 1634.16 -150.228
749 1633.56 -150.328
750 1632.95 -150.428
751 1632.35 -150.528
752 1631.75 -150.628
753 1631.14 -150.728
754 1630.54 -150.828
755 1629.93 -150.928
756 1629.33 -151.028
757 1628.73 -151.128
758 1628.12 -151.228
759 1627.52 -151.328
760 1626.92 -151.428
761 1626.31 -151.528
762 1625.71 -151.628
763 1625.11 -151.728
764 1624.5 -151.828
765 1623.9 -151.928
766 1623.3 -152.028
767 1622.69 -152.128
768 1622.09 -152.228
769 1621.49 -152.328
770 1620.89 -152.428
771 1620.28 -152.528
772 1619.68 -152.628
773 1619.08 -152.728
774 1618.48 -152.828
775 1617.87 -152.928
776 1617.27 -153.028
777 1616.67 -153.128
778 1616.07 -153.228
779 1615.47 -153.328
780 1614.87 -153.428
781 1614.26 -153.528
782 1613.66 -153.628
783 1613.06 -153.728
784 1612.46 -153.828
785 1611.86 -153.928
786 1611.26 -154.028
787 1610.65 -154.128
788 1610.05 -154.228
789 1609.45 -154.328
790 1608.85 -154.428
791 1608.25 -154.528
792 1607.65 -154.628
793 1607.05 -154.728
794 1606.45 -154.828
795 1605.85 -154.928
796 1605.25 -155.028
797 1604.65 -155.128
798 1604.04 -155.228
799 1603.44 -155.328
800 1602.84 -155.428
801 1602.24 -155.528
802 1601.64 -155.628
803 1601.04 -155.728
804 1600.44 -155.828
805 1599.84 -155.928
806 1599.24 -156.028
807 1598.64 -156.128
808 1598.04 -156.228
809 1597.44 -156.328
810 1596.84 -156.428
811 1596.24 -156.528
812 1595.65 -156.628
813 1595.05 -156.728
814 1594.45 -156.828
815 1593.85 -156.928
816 1593.25 -157.028
817 1592.65 -157.128
818 1592.05 -157.228
819 1591.45 -157.328
820 1590.85 -157.428
821 1590.25 -157.528
822 1589.65 -157.628
823 1589.05 -157.728
824 1588.46 -157.828
825 1587.86 -157.928
826 1587.26 -158.028
827 1586.66 -158.128
828 1586.06 -158.228
829 1585.46 -158.328
830 1584.86 -158.428
831 1584.27 -158.528
832 1583.67 -158.628
833 1583.07 -158.728
834 1582.47 -158.828
835 1581.87 -158.928
836 1581.28 -159.028
837 1580.68 -159.128
838 1580.08 -159.228
839 1579.48 -159.328
840 1578.88 -159.428
841 1578.29 -159.528
842 1577.69 -159.628
843 1577.09 -159.728
844 1576.49 -159.828
845 1575.9 -159.928
846 1575.3 -160.028
847 1574.7 -160.128
848 1574.1 -160.228
849 1573.51 -160.328
850 1572.91 -160.428
851 1572.31 -160.528
852 1571.72 -160.628
853 1571.12 -160.728
854 1570.52 -160.828
855 1569.92 -160.928
856 1569.33 -161.028
857 1568.73 -161.128
858 1568.13 -161.228
859 1567.54 -161.328
860 1566.94 -161.428
861 1566.34 -161.528
862 1565.75 -161.628
863 1565.15 -161.728
864 1564.55 -161.828
865 1563.96 -161.928
866 1563.36 -162.028
867 1562.77 -162.128
868 1562.17 -162.228
869 1561.57 -162.328
870 1560.98 -162.428
871 1560.38 -162.528
872 1559.79 -162.628
873 1559.19 -162.728
874 1558.59 -162.828
875 1558 -162.928
876 1557.4 -163.028
877 1556.81 -163.128
878 1556.21 -163.228
879 1555.61 -163.328
880 1555.02 -163.428
881 1554.42 -163.528
882 1553.83 -163.628
883 1553.23 -163.728
884 1552.64 -163.828
885 1552.04 -163.928
886 1551.45 -164.028
887 1550.85 -164.128
888 1550.26 -164.228
889 1549.66 -164.328
890 1549.07 -164.428
891 1548.47 -164.528
892 1547.88 -164.628
893 1547.28 -164.728
894 1546.69 -164.828
895 1546.09 -164.928
896 1545.5 -165.028
897 1544.9 -165.128
898 1544.31 -165.228
899 1543.71 -165.328
900 1543.12 -165.428
901 1542.52 -165.528
902 1541.93 -165.628
903 1541.33 -165.728
904 1540.74 -165.828
905 1540.15 -165.928
906 1539.55 -166.028
907 1538.96 -166.128
908 1538.36 -166.228
909 1537.77 -166.328
910 1537.18 -166.428
911 1536.58 -166.528
912 1535.99 -166.628
913 1535.39 -166.728
914 1534.8 -166.828
915 1534.21 -166.928
916 1533.61 -167.028
917 1533.02 -167.128
918 1532.42 -167.228
919 1531.83 -167.328
920 1531.24 -167.428
921 1530.64 -167.528
922 1530.05 -167.628
923 1529.46 -167.728
924 1528.86 -167.828
925 1528.27 -167.928
926 1527.68 -168.028
927 1527.08 -168.128
928 1526.49 -168.228
929 1525.9 -168.328
930 1525.3 -168.428
931 1524.71 -168.528
932 1524.12 -168.628
933 1523.52 -168.728
934 1522.93 -168.828
935 1522.34 -168.928
936 1521.74 -169.028
937 1521.15 -169.128
938 1520.56 -169.228
939 1519.96 -169.328
940 1519.37 -169.428
941 1518.78 -169.528
942 1518.19 -169.628
943 1517.59 -169.728
944 1517 -169.828
945 1516.41 -169.928
946 1515.82 -170.028
947 1515.22 -170.128
948 1514.63 -170.228
949 1514.04 -170.328
950 1513.45 -170.428
951 1512.85 -170.528
952 1512.26 -170.628
953 1511.67 -170.728
954 1511.08 -170.828
955 1510.48 -170.928
956 1509.89 -171.028
957 1509.3 -171.128
958 1508.71 -171.228
959 1508.12 -171.328
960 1507.52 -171.428
961 1506.93 -171.528
962 1506.34 -171.628
963 1505.75 -171.728
964 1505.16 -171.828
965 1504.56 -171.928
966 1503.97 -172.028
967 1503.38 -172.128
968 1502.79 -172.228
969 1502.2 -172.328
970 1501.6 -172.428
971 1501.01 -172.528
972 1500.42 -172.628
973 1499.83 -172.728
974 1499.24 -172.828
975 1498.65 -172.928
976 1498.06 -173.028
977 1497.46 -173.128
978 1496.87 -173.228
979 1496.28 -173.328
980 1495.69 -173.428
981 1495.1 -173.528
982 1494.51 -173.628
983 1493.92 -173.728
984 1493.33 -173.828
985 1492.73 -173.928
986 1492.14 -174.028
987 1491.55 -174.128
988 1490.96 -174.228
989 1490.37 -174.328
990 1489.78 -174.428
991 1489.19 -174.528
992 1488.6 -174.628
993 1488.01 -174.728
994 1487.41 -174.828
995 1486.82 -174.928
996 1486.23 -175.028
997 1485.64 -175.128
998 1485.05 -175.228
999 1484.46 -175.328
1000 1483.87 -175.428
1001 1483.28 -175.528
1002 1482.69 -175.628
1003 1482.1 -175.728
1004 1481.51 -175.828
1005 1480.92 -175.928
1006 1480.33 -176.028
1007 1479.74 -176.128
1008 1479.15 -176.228
1009 1478.56 -176.328
1010 1477.97 -176.428
1011 1477.38 -176.528
1012 1476.79 -176.628
1013 1476.19 -176.728
1014 1475.6 -176.828
1015 1475.01 -176.928
1016 1474.42 -177.028
1017 1473.83 -177.128
1018 1473.24 -177.228
1019 1472.65 -177.328
1020 1472.06 -177.428
1021 1471.47 -177.528
1022 1470.88 -177.628
1023 1470.29 -177.728
1024 1469.7 -177.828
1025 1469.11 -177.928
1026 1468.52 -178.028
1027 1467.93 -178.128
1028 1467.34 -178.228
1029 1466.75 -178.328
1030 1466.17 -178.428
1031 1465.58 -178.528
1032 1464.99 -178.628
1033 1464.4 -178.728
1034 1463.81 -178.828
1035 1463.22 -178.928
1036 1462.63 -179.028
1037 1462.04 -179.128
1038 1461.45 -179.228
1039 1460.86 -179.328
1040 1460.27 -179.428
1041 1459.68 -179.528
1042 1459.09 -179.628
1043 1458.5 -179.728
1044 1457.91 -179.828
1045 1457.32 -179.928
1046 1456.73 -180.028
1047 1456.14 -180.128
1048 1455.55 -180.228
1049 1454.97 -180.328
1050 1454.38 -180.428
1051 1453.79 -180.528
1052 1453.2 -180.628
1053 1452.61 -180.728
1054 1452.02 -180.828
1055 1451.43 -180.928
1056 1450.84 -181.028
1057 1450.25 -181.128
1058 1449.66 -181.228
1059 1449.07 -181.328
1060 1448.49 -181.428
1061 1447.9 -181.528
1062 1447.31 -181.628
1063 1446.72 -181.728
1064 1446.13 -181.828
1065 1445.54 -181.928
1066 1444.95 -182.028
1067 1444.36 -182.128
1068 1443.78 -182.228
1069 1443.19 -182.328
1070 1442.6 -182.428
1071 1442.01 -182.528
1072 1441.42 -182.628
1073 1440.83 -182.728
1074 1440.24 -182.828
1075 1439.65 -182.928
1076 1439.07 -183.028
1077 1438.48 -183.128
1078 1437.89 -183.228
1079 1437.3 -183.328
1080 1436.71 -183.428
1081 1436.12 -183.528
1082 1435.54 -183.628
1083 1434.95 -183.728
1084 1434.36 -183.828
1085 1433.77 -183.928
1086 1433.18 -184.028
1087 1432.59 -184.128
1088 1432.01 -184.228
1089 1431.42 -184.328
1090 1430.83 -184.428
1091 1430.24 -184.528
1092 1429.65 -184.628
1093 1429.06 -184.728
1094 1428.48 -184.828
1095 1427.89 -184.928
1096 1427.3 -185.028
1097 1426.71 -185.128
1098 1426.12 -185.228
1099 1425.54 -185.328
1100 1424.95 -185.428
1101 1424.36 -185.528
1102 1423.77 -185.628
1103 1423.18 -185.728
1104 1422.6 -185.828
1105 1422.01 -185.928
1106 1421.42 -186.028
1107 1420.83 -186.128
1108 1420.25 -186.228
1109 1419.66 -186.328
1110 1419.07 -186.428
1111 1418.48 -186.528
1112 1417.89 -186.628
1113 1417.31 -186.728
1114 1416.72 -186.828
1115 1416.13 -186.928
1116 1415.54 -187.028
1117 1414.96 -187.128
1118 1414.37 -187.228
1119 1413.78 -187.328
1120 1413.19 -187.428
1121 1412.61 -187.528
1122 1412.02 -187.628
1123 1411.43 -187.728
1124 1410.84 -187.828
1125 1410.26 -187.928
1126 1409.67 -188.028
1127 1409.08 -188.128
1128 1408.49 -188.228
1129 1407.91 -188.328
1130 1407.32 -188.428
1131 1406.73 -188.528
1132 1406.14 -188.628
1133 1405.56 -188.728
1134 1404.97 -188.828
1135 1404.38 -188.928
1136 1403.8 -189.028
1137 1403.21 -189.128
1138 1402.62 -189.228
1139 1402.03 -189.328
1140 1401.45 -189.428
1141 1400.86 -189.528
1142 1400.27 -189.628
1143 1399.69 -189.728
1144 1399.1 -189.828
1145 1398.51 -189.928
1146 1397.92 -190.028
1147 1397.34 -190.128
1148 1396.75 -190.228
1149 1396.16 -190.328
1150 1395.58 -190.428
1151 1394.99 -190.528
1152 1394.4 -190.628
1153 1393.82 -190.728
1154 1393.23 -190.828
1155 1392.64 -190.928
1156 1392.05 -191.028
1157 1391.47 -191.128
1158 1390.88 -191.228
1159 1390.29 -191.328
1160 1389.71 -191.428
1161 1389.12 -191.528
1162 1388.53 -191.628
1163 1387.95 -191.728
1164 1387.36 -191.828
1165 1386.77 -191.928
1166 1386.19 -192.028
1167 1385.6 -192.128
1168 1385.01 -192.228
1169 1384.43 -192.328
1170 1383.84 -192.428
1171 1383.25 -192.528
1172 1382.67 -192.628
1173 1382.08 -192.728
1174 1381.49 -192.828
1175 1380.91 -192.928
1176 1380.32 -193.028
1177 1379.74 -193.128
1178 1379.15 -193.228
1179 1378.56 -193.328
1180 1377.98 -193.428
1181 1377.39 -193.528
1182 1376.8 -193.628
1183 1376.22 -193.728
1184 1375.63 -193.828
1185 1375.04 -193.928
1186 1374.46 -194.028
1187 1373.87 -194.128
1188 1373.28 -194.228
1189 1372.7 -194.328
1190 1372.11 -194.428
1191 1371.53 -194.528
1192 1370.94 -194.628
1193 1370.35 -194.728
1194 1369.77 -194.828
1195 1369.18 -194.928
1196 1368.59 -195.028
1197 1368.01 -195.128
1198 1367.42 -195.228
1199 1366.84 -195.328
1200 1366.25 -195.428
1201 1365.66 -195.528
1202 1365.08 -195.628
1203 1364.49 -195.728
1204 1363.91 -195.828
1205 1363.32 -195.928
1206 1362.73 -196.028
1207 1362.15 -196.128
1208 1361.56 -196.228
1209 1360.98 -196.328
1210 1360.39 -196.428
1211 1359.8 -196.528
1212 1359.22 -196.628
1213 1358.63 -196.728
1214 1358.05 -196.828
1215 1357.46 -196.928
1216 1356.87 -197.028
1217 1356.29 -197.128
1218 1355.7 -197.228
1219 1355.12 -197.328
1220 1354.53 -197.428
1221 1353.94 -197.528
1222 1353.36 -197.628
1223 1352.77 -197.728
1224 1352.19 -197.828
1225 1351.6 -197.928
1226 1351.02 -198.028
1227 1350.43 -198.128
1228 1349.84 -198.228
1229 1349.26 -198.328
1230 1348.67 -198.428
1231 1348.09 -198.528
1232 1347.5 -198.628
1233 1346.92 -198.728
1234 1346.33 -198.828
1235 1345.74 -198.928
1236 1345.16 -199.028
1237 1344.57 -199.128
1238 1343.99 -199.228
1239 1343.4 -199.328
1240 1342.82 -199.428
1241 1342.23 -199.528
1242 1341.65 -199.628
1243 1341.06 -199.728
1244 1340.47 -199.828
1245 1339.89 -199.928
1246 1339.3 -200.028
1247 1338.72 -200.128
1248 1338.13 -200.228
1249 1337.55 -200.328
1250 1336.96 -200.428
1251 1336.38 -200.528
1252 1335.79 -200.628
1253 1335.21 -200.728
1254 1334.62 -200.828
1255 1334.04 -200.928
1256 1333.45 -201.028
1257 1332.86 -201.128
1258 1332.28 -201.228
1259 1331.69 -201.328
1260 1331.11 -201.428
1261 1330.52 -201.528
1262 1329.94 -201.628
1263 1329.35 -201.728
1264 1328.77 -201.828
1265 1328.18 -201.928
1266 1327.6 -202.028
1267 1327.01 -202.128
1268 1326.43 -202.228
1269 1325.84 -202.328
1270 1325.26 -202.428
1271 1324.67 -202.528
1272 1324.09 -202.628
1273 1323.5 -202.728
1274 1322.92 -202.828
1275 1322.33 -202.928
1276 1321.75 -203.028
1277 1321.16 -203.128
1278 1320.58 -203.228
1279 1319.99 -203.328
1280 1319.41 -203.428
1281 1318.82 -203.528
1282 1318.23 -203.628
1283 1317.65 -203.728
1284 1317.06 -203.828
1285 1316.48 -203.928
1286 1315.89 -204.028
1287 1315.31 -204.128
1288 1314.72 -204.228
1289 1314.14 -204.328
1290 1313.55 -204.428
1291 1312.97 -204.528
1292 1312.39 -204.628
1293 1311.8 -204.728
1294 1311.22 -204.828
1295 1310.63 -204.928
1296 1310.05 -205.028
1297 1309.46 -205.128
1298 1308.88 -205.228
1299 1308.29 -205.328
1300 1307.71 -205.428
1301 1307.12 -205.528
1302 1306.54 -205.628
1303 1305.95 -205.728
1304 1305.37 -205.828
1305 1304.78 -205.928
1306 1304.2 -206.028
1307 1303.61 -206.128
1308 1303.03 -206.228
1309 1302.44 -206.328
1310 1301.86 -206.428
1311 1301.27 -206.528
1312 1300.69 -206.628
1313 1300.1 -206.728
1314 1299.52 -206.828
1315 1298.93 -206.928
1316 1298.35 -207.028
1317 1297.77 -207.128
1318 1297.18 -207.228
1319 1296.6 -207.328
1320 1296.01 -207.428
1321 1295.43 -207.528
1322 1294.84 -207.628
1323 1294.26 -207.728
1324 1293.67 -207.828
1325 1293.09 -207.928
1326 1292.5 -208.028
1327 1291.92 -208.128
1328 1291.33 -208.228
1329 1290.75 -208.328
1330 1290.17 -208.428
1331 1289.58 -208.528
1332 1289 -208.628
1333 1288.41 -208.728
1334 1287.83 -208.828
1335 1287.24 -208.928
1336 1286.66 -209.028
1337 1286.07 -209.128
1338 1285.49 -209.228
1339 1284.9 -209.328
1340 1284.32 -209.428
1341 1283.74 -209.528
1342 1283.15 -209.628
1343 1282.57 -209.728
1344 1281.98 -209.828
1345 1281.4 -209.928
1346 1280.81 -210.028
1347 1280.23 -210.128
1348 1279.64 -210.228
1349 1279.06 -210.328
1350 1278.48 -210.428
1351 1277.89 -210.528
1352 1277.31 -210.628
1353 1276.72 -210.728
1354 1276.14 -210.828
1355 1275.55 -210.928
1356 1274.97 -211.028
1357 1274.39 -211.128
1358 1273.8 -211.228
1359 1273.22 -211.328
1360 1272.63 -211.428
1361 1272.05 -211.528
1362 1271.46 -211.628
1363 1270.88 -211.728
1364 1270.3 -211.828
1365 1269.71 -211.928
1366 1269.13 -212.028
1367 1268.54 -212.128
1368 1267.96 -212.228
1369 1267.37 -212.328
1370 1266.79 -212.428
1371 1266.21 -212.528
1372 1265.62 -212.628
1373 1265.04 -212.728
1374 1264.45 -212.828
1375 1263.87 -212.928
1376 1263.29 -213.028
1377 1262.7 -213.128
1378 1262.12 -213.228
1379 1261.53 -213.328
1380 1260.95 -213.428
1381 1260.37 -213.528
1382 1259.78 -213.628
1383 1259.2 -213.728
1384 1258.61 -213.828
1385 1258.03 -213.928
1386 1257.44 -214.028
1387 1256.86 -214.128
1388 1256.28 -214.228
1389 1255.69 -214.328
1390 1255.11 -214.428
1391 1254.52 -214.528
1392 1253.94 -214.628
1393 1253.36 -214.728
1394 1252.77 -214.828
1395 1252.19 -214.928
1396 1251.6 -215.028
1397 1251.02 -215.128
1398 1250.44 -215.228
1399 1249.85 -215.328
1400 1249.27 -215.428
1401 1248.68 -215.528
1402 1248.1 -215.628
1403 1247.52 -215.728
1404 1246.93 -215.828
1405 1246.35 -215.928
1406 1245.76 -216.028
1407 1245.18 -216.128
1408 1244.6 -216.228
1409 1244.01 -216.328
1410 1243.43 -216.428
1411 1242.85 -216.528
1412 1242.26 -216.628
1413 1241.68 -216.728
1414 1241.09 -216.828
1415 1240.51 -216.928
1416 1239.93 -217.028
1417 1239.34 -217.128
1418 1238.76 -217.228
1419 1238.17 -217.328
1420 1237.59 -217.428
1421 1237.01 -217.528
1422 1236.42 -217.628
1423 1235.84 -217.728
1424 1235.26 -217.828
1425 1234.67 -217.928
1426 1234.09 -218.028
1427 1233.5 -218.128
1428 1232.92 -218.228
1429 1232.34 -218.328
1430 1231.75 -218.428
1431 1231.17 -218.528
1432 1230.59 -218.628
1433 1230 -218.728
1434 1229.42 -218.828
1435 1228.83 -218.928
1436 1228.25 -219.028
1437 1227.67 -219.128
1438 1227.08 -219.228
1439 1226.5 -219.328
1440 1225.92 -219.428
1441 1225.33 -219.528
1442 1224.75 -219.628
1443 1224.16 -219.728
1444 1223.58 -219.828
1445 1223 -219.928
1446 1222.41 -220.028
1447 1221.83 -220.128
1448 1221.25 -220.228
1449 1220.66 -220.328
1450 1220.08 -220.428
1451 1219.5 -220.528
1452 1218.91 -220.628
1453 1218.33 -220.728
1454 1217.74 -220.828
1455 1217.16 -220.928
1456 1216.58 -221.028
1457 1215.99 -221.128
1458 1215.41 -221.228
1459 1214.83 -221.328
1460 1214.24 -221.428
1461 1213.66 -221.528
1462 1213.08 -221.628
1463 1212.49 -221.728
1464 1211.91 -221.828
1465 1211.33 -221.928
1466 1210.74 -222.028
1467 1210.16 -222.128
1468 1209.57 -222.228
1469 1208.99 -222.328
1470 1208.41 -222.428
1471 1207.82 -222.528
1472 1207.24 -222.628
1473 1206.66 -222.728
1474 1206.07 -222.828
1475 1205.49 -222.928
1476 1204.91 -223.028
1477 1204.32 -223.128
1478 1203.74 -223.228
1479 1203.16 -223.328
1480 1202.57 -223.428
1481 1201.99 -223.528
1482 1201.41 -223.628
1483 1200.82 -223.728
1484 1200.24 -223.828
1485 1199.66 -223.928
1486 1199.07 -224.028
1487 1198.49 -224.128
1488 1197.91 -224.228
1489 1197.32 -224.328
1490 1196.74 -224.428
1491 1196.15 -224.528
1492 1195.57 -224.628
1493 1194.99 -224.728
1494 1194.4 -224.828
1495 1193.82 -224.928
1496 1193.24 -225.028
1497 1192.65 -225.128
1498 1192.07 -225.228
1499 1191.49 -225.328
1500 1190.9 -225.428
1501 1190.32 -225.528
1502 1189.74 -225.628
1503 1189.15 -225.728
1504 1188.57 -225.828
1505 1187.99 -225.928
1506 1187.4 -226.028
1507 1186.82 -226.128
1508 1186.24 -226.228
1509 1185.65 -226.328
1510 1185.07 -226.428
1511 1184.49 -226.528
1512 1183.9 -226.628
1513 1183.32 -226.728
1514 1182.74 -226.828
1515 1182.15 -226.928
1516 1181.57 -227.028
1517 1180.99 -227.128
1518 1180.41 -227.228
1519 1179.82 -227.328
1520 1179.24 -227.428
1521 1178.66 -227.528
1522 1178.07 -227.628
1523 1177.49 -227.728
1524 1176.91 -227.828
1525 1176.32 -227.928
1526 1175.74 -228.028
1527 1175.16 -228.128
1528 1174.57 -228.228
1529 1173.99 -228.328
1530 1173.41 -228.428
1531 1172.82 -228.528
1532 1172.24 -228.628
1533 1171.66 -228.728
1534 1171.07 -228.828
1535 1170.49 -228.928
1536 1169.91 -229.028
1537 1169.32 -229.128
1538 1168.74 -229.228
1539 1168.16 -229.328
1540 1167.57 -229.428
1541 1166.99 -229.528
1542 1166.41 -229.628
1543 1165.82 -229.728
1544 1165.24 -229.828
1545 1164.66 -229.928
1546 1164.08 -230.028
1547 1163.49 -230.128
1548 1162.91 -230.228
1549 1162.33 -230.328
1550 1161.74 -230.428
1551 1161.16 -230.528
1552 1160.58 -230.628
1553 1159.99 -230.728
1554 1159.41 -230.828
1555 1158.83 -230.928
1556 1158.24 -231.028
1557 1157.66 -231.128
1558 1157.08 -231.228
1559 1156.5 -231.328
1560 1155.91 -231.428
1561 1155.33 -231.528
1562 1154.75 -231.628
1563 1154.16 -231.728
1564 1153.58 -231.828
1565 1153 -231.928
1566 1152.41 -232.028
1567 1151.83 -232.128
1568 1151.25 -232.228
1569 1150.66 -232.328
1570 1150.08 -232.428
1571 1149.5 -232.528
1572 1148.92 -232.628
1573 1148.33 -232.728
1574 1147.75 -232.828
1575 1147.17 -232.928
1576 1146.58 -233.028
1577 1146 -233.128
1578 1145.42 -233.228
1579 1144.83 -233.328
1580 1144.25 -233.428
1581 1143.67 -233.528
1582 1143.09 -233.628
1583 1142.5 -233.728
1584 1141.92 -233.828
1585 1141.34 -233.928
1586 1140.75 -234.028
1587 1140.17 -234.128
1588 1139.59 -234.228
1589 1139 -234.328
1590 1138.42 -234.428
1591 1137.84 -234.528
1592 1137.26 -234.628
1593 1136.67 -234.728
1594 1136.09 -234.828
1595 1135.51 -234.928
1596 1134.92 -235.028
1597 1134.34 -235.128
1598 1133.76 -235.228
1599 1133.18 -235.328
1600 1132.59 -235.428
1601 1132.01 -235.528
1602 1131.43 -235.628
1603 1130.84 -235.728
1604 1130.26 -235.828
1605 1129.68 -235.928
1606 1129.09 -236.028
1607 1128.51 -236.128
1608 1127.93 -236.228
1609 1127.35 -236.328
1610 1126.76 -236.428
1611 1126.18 -236.528
1612 1125.6 -236.628
1613 1125.01 -236.728
1614 1124.43 -236.828
1615 1123.85 -236.928
1616 1123.27 -237.028
1617 1122.68 -237.128
1618 1122.1 -237.228
1619 1121.52 -237.328
1620 1120.93 -237.428
1621 1120.35 -237.528
1622 1119.77 -237.628
1623 1119.19 -237.728
1624 1118.6 -237.828
1625 1118.02 -237.928
1626 1117.44 -238.028
1627 1116.85 -238.128
1628 1116.27 -238.228
1629 1115.69 -238.328
1630 1115.11 -238.428
1631 1114.52 -238.528
1632 1113.94 -238.628
1633 1113.36 -238.728
1634 1112.77 -238.828
1635 1112.19 -238.928
1636 1111.61 -239.028
1637 1111.03 -239.128
1638 1110.44 -239.228
1639 1109.86 -239.328
1640 1109.28 -239.428
1641 1108.69 -239.528
1642 1108.11 -239.628
1643 1107.53 -239.728
1644 1106.95 -239.828
1645 1106.36 -239.928
1646 1105.78 -240.028
1647 1105.2 -240.128
1648 1104.62 -240.228
1649 1104.03 -240.328
1650 1103.45 -240.428
1651 1102.87 -240.528
1652 1102.28 -240.628
1653 1101.7 -240.728
1654 1101.12 -240.828
1655 1100.54 -240.928
1656 1099.95 -241.028
1657 1099.37 -241.128
1658 1098.79 -241.228
1659 1098.21 -241.328
1660 1097.62 -241.428
1661 1097.04 -241.528
1662 1096.46 -241.628
1663 1095.87 -241.728
1664 1095.29 -241.828
1665 1094.71 -241.928
1666 1094.13 -242.028
1667 1093.54 -242.128
1668 1092.96 -242.228
1669 1092.38 -242.328
1670 1091.8 -242.428
1671 1091.21 -242.528
1672 1090.63 -242.628
1673 1090.05 -242.728
1674 1089.46 -242.828
1675 1088.88 -242.928
1676 1088.3 -243.028
1677 1087.72 -243.128
1678 1087.13 -243.228
1679 1086.55 -243.328
1680 1085.97 -243.428
1681 1085.39 -243.528
1682 1084.8 -243.628
1683 1084.22 -243.728
1684 1083.64 -243.828
1685 1083.05 -243.928
1686 1082.47 -244.028
1687 1081.89 -244.128
1688 1081.31 -244.228
1689 1080.72 -244.328
1690 1080.14 -244.428
1691 1079.56 -244.528
1692 1078.98 -244.628
1693 1078.39 -244.728
1694 1077.81 -244.828
1695 1077.23 -244.928
1696 1076.65 -245.028
1697 1076.06 -245.128
1698 1075.48 -245.228
1699 1074.9 -245.328
1700 1074.32 -245.428
1701 1073.73 -245.528
1702 1073.15 -245.628
1703 1072.57 -245.728
1704 1071.98 -245.828
1705 1071.4 -245.928
1706 1070.82 -246.028
1707 1070.24 -246.128
1708 1069.65 -246.228
1709 1069.07 -246.328
1710 1068.49 -246.428
1711 1067.91 -246.528
1712 1067.32 -246.628
1713 1066.74 -246.728
1714 1066.16 -246.828
1715 1065.58 -246.928
1716 1064.99 -247.028
1717 1064.41 -247.128
1718 1063.83 -247.228
1719 1063.25 -247.328
1720 1062.66 -247.428
1721 1062.08 -247.528
1722 1061.5 -247.628
1723 1060.92 -247.728
1724 1060.33 -247.828
1725 1059.75 -247.928
1726 1059.17 -248.028
1727 1058.58 -248.128
1728 1058 -248.228
1729 1057.42 -248.328
1730 1056.84 -248.428
1731 1056.25 -248.528
1732 1055.67 -248.628
1733 1055.09 -248.728
1734 1054.51 -248.828
1735 1053.92 -248.928
1736 1053.34 -249.028
1737 1052.76 -249.128
1738 1052.18 -249.228
1739 1051.59 -249.328
1740 1051.01 -249.428
1741 1050.43 -249.528
1742 1049.85 -249.628
1743 1049.26 -249.728
1744 1048.68 -249.828
1745 1048.1 -249.928
1746 1047.52 -250.028
1747 1046.93 -250.128
1748 1046.35 -250.228
1749 1045.77 -250.328
1750 1045.19 -250.428
1751 1044.6 -250.528
1752 1044.02 -250.628
1753 1043.44 -250.728
1754 1042.86 -250.828
1755 1042.27 -250.928
1756 1041.69 -251.028
1757 1041.11 -251.128
1758 1040.53 -251.228
1759 1039.94 -251.328
1760 1039.36 -251.428
1761 1038.78 -251.528
1762 1038.2 -251.628
1763 1037.61 -251.728
1764 1037.03 -251.828
1765 1036.45 -251.928
1766 1035.87 -252.028
1767 1035.28 -252.128
1768 1034.7 -252.228
1769 1034.12 -252.328
1770 1033.54 -252.428
1771 1032.95 -252.528
1772 1032.37 -252.628
1773 1031.79 -252.728
1774 1031.21 -252.828
1775 1030.62 -252.928
1776 1030.04 -253.028
1777 1029.46 -253.128
1778 1028.88 -253.228
1779 1028.29 -253.328
1780 1027.71 -253.428
1781 1027.13 -253.528
1782 1026.55 -253.628
1783 1025.96 -253.728
1784 1025.38 -253.828
1785 1024.8 -253.928
1786 1024.22 -254.028
1787 1023.63 -254.128
1788 1023.05 -254.228
1789 1022.47 -254.328
1790 1021.89 -254.428
1791 1021.3 -254.528
1792 1020.72 -254.628
1793 1020.14 -254.728
1794 1019.56 -254.828
1795 1018.98 -254.928
1796 1018.39 -255.028
1797 1017.81 -255.128
1798 1017.23 -255.228
1799 1016.65 -255.328
1800 1016.06 -255.428
1801 1015.48 -255.528
1802 1014.9 -255.628
1803 1014.32 -255.728
1804 1013.73 -255.828
1805 1013.15 -255.928
1806 1012.57 -256.028
1807 1011.99 -256.128
1808 1011.4 -256.228
1809 1010.82 -256.328
1810 1010.24 -256.428
1811 1009.66 -256.528
1812 1009.07 -256.628
1813 1008.49 -256.728
1814 1007.91 -256.828
1815 1007.33 -256.928
1816 1006.74 -257.028
1817 1006.16 -257.128
1818 1005.58 -257.228
1819 1005 -257.328
1820 1004.41 -257.428
1821 1003.83 -257.528
1822 1003.25 -257.628
1823 1002.67 -257.728
1824 1002.09 -257.828
1825 1001.5 -257.928
1826 1000.92 -258.028
1827 1000.34 -258.128
1828 999.756 -258.228
1829 999.173 -258.328
1830 998.591 -258.428
1831 998.008 -258.528
1832 997.426 -258.628
1833 996.844 -258.728
1834 996.261 -258.828
1835 995.679 -258.928
1836 995.097 -259.028
1837 994.514 -259.128
1838 993.932 -259.228
1839 993.349 -259.328
1840 992.767 -259.428
1841 992.185 -259.528
1842 991.602 -259.628
1843 991.02 -259.728
1844 990.438 -259.828
1845 989.855 -259.928
1846 989.273 -260.028
1847 988.691 -260.128
1848 988.108 -260.228
1849 987.526 -260.328
1850 986.944 -260.428
1851 986.361 -260.528
1852 985.779 -260.628
1853 985.197 -260.728
1854 984.614 -260.828
1855 984.032 -260.928
1856 983.45 -261.028
1857 982.867 -261.128
1858 982.285 -261.228
1859 981.702 -261.328
1860 981.12 -261.428
1861 980.538 -261.528
1862 979.955 -261.628
1863 979.373 -261.728
1864 978.791 -261.828
1865 978.209 -261.928
1866 977.626 -262.028
1867 977.044 -262.128
1868 976.462 -262.228
1869 975.879 -262.328
1870 975.297 -262.428
1871 974.715 -262.528
1872 974.132 -262.628
1873 973.55 -262.728
1874 972.968 -262.828
1875 972.385 -262.928
1876 971.803 -263.028
1877 971.221 -263.128
1878 970.638 -263.228
1879 970.056 -263.328
1880 969.474 -263.428
1881 968.891 -263.528
1882 968.309 -263.628
1883 967.727 -263.728
1884 967.145 -263.828
1885 966.562 -263.928
1886 965.98 -264.028
1887 965.398 -264.128
1888 964.815 -264.228
1889 964.233 -264.328
1890 963.651 -264.428
1891 963.068 -264.528
1892 962.486 -264.628
1893 961.904 -264.728
1894 961.322 -264.828
1895 960.739 -264.928
1896 960.157 -265.028
1897 959.575 -265.128
1898 958.992 -265.228
1899 958.41 -265.328
1900 957.828 -265.428
1901 957.246 -265.528
1902 956.663 -265.628
1903 956.081 -265.728
1904 955.499 -265.828
1905 954.916 -265.928
1906 954.334 -266.028
1907 953.752 -266.128
1908 953.17 -266.228
1909 952.587 -266.328
1910 952.005 -266.428
1911 951.423 -266.528
1912 950.841 -266.628
1913 950.258 -266.728
1914 949.676 -266.828
1915 949.094 -266.928
1916 948.511 -267.028
1917 947.929 -267.128
1918 947.347 -267.228
1919 946.765 -267.328
1920 946.182 -267.428
1921 945.6 -267.528
1922 945.018 -267.628
1923 944.436 -267.728
1924 943.853 -267.828
1925 943.271 -267.928
1926 942.689 -268.028
1927 942.107 -268.128
1928 941.524 -268.228
1929 940.942 -268.328
1930 940.36 -268.428
1931 939.778 -268.528
1932 939.195 -268.628
1933 938.613 -268.728
1934 938.031 -268.828
1935 937.449 -268.928
1936 936.866 -269.028
1937 936.284 -269.128
1938 935.702 -269.228
1939 935.12 -269.328
1940 934.537 -269.428
1941 933.955 -269.528
1942 933.373 -269.628
1943 932.791 -269.728
1944 932.208 -269.828
1945 931.626 -269.928
1946 931.044 -270.028
1947 930.462 -270.128
1948 929.879 -270.228
1949 929.297 -270.328
1950 928.715 -270.428
1951 928.133 -270.528
1952 927.551 -270.628
1953 926.968 -270.728
1954 926.386 -270.828
1955 925.804 -270.928
1956 925.222 -271.028
1957 924.639 -271.128
1958 924.057 -271.228
1959 923.475 -271.328
1960 922.893 -271.428
1961 922.311 -271.528
1962 921.728 -271.628
1963 921.146 -271.728
1964 920.564 -271.828
1965 919.982 -271.928
1966 919.399 -272.028
1967 918.817 -272.128
1968 918.235 -272.228
1969 917.653 -272.328
1970 917.071 -272.428
1971 916.488 -272.528
1972 915.906 -272.628
1973 915.324 -272.728
1974 914.742 -272.828
1975 914.16 -272.928
1976 913.577 -273.028
1977 912.995 -273.128
1978 912.413 -273.228
1979 911.831 -273.328
1980 911.249 -273.428
1981 910.666 -273.528
1982 910.084 -273.628
1983 909.502 -273.728
1984 908.92 -273.828
1985 908.338 -273.928
1986 907.755 -274.028
1987 907.173 -274.128
1988 906.591 -274.228
1989 906.009 -274.328
1990 905.427 -274.428
1991 904.844 -274.528
1992 904.262 -274.628
1993 903.68 -274.728
1994 903.098 -274.828
1995 902.516 -274.928
1996 901.933 -275.028
1997 901.351 -275.128
1998 900.769 -275.228
1999 900.187 -275.328
2000 899.605 -275.428
2001 899.023 -275.528
2002 898.44 -275.628
2003 897.858 -275.728
2004 897.276 -275.828
2005 896.694 -275.928
2006 896.112 -276.028
2007 895.529 -276.128
2008 894.947 -276.228
2009 894.365 -276.328
2010 893.783 -276.428
2011 893.201 -276.528
2012 892.619 -276.628
2013 892.036 -276.728
2014 891.454 -276.828
2015 890.872 -276.928
2016 890.29 -277.028
2017 889.708 -277.128
2018 889.126 -277.228
2019 888.543 -277.328
2020 887.961 -277.428
2021 887.379 -277.528
2022 886.797 -277.628
2023 886.215 -277.728
2024 885.633 -277.828
2025 885.05 -277.928
2026 884.468 -278.028
2027 883.886 -278.128
2028 883.304 -278.228
2029 882.722 -278.328
2030 882.14 -278.428
2031 881.557 -278.528
2032 880.975 -278.628
2033 880.393 -278.728
2034 879.811 -278.828
2035 879.229 -278.928
2036 878.647 -279.028
2037 878.064 -279.128
2038 877.482 -279.228
2039 876.9 -279.328
2040 876.318 -279.428
2041 875.736 -279.528
2042 875.154 -279.628
2043 874.572 -279.728
2044 873.989 -279.828
2045 873.407 -279.928
2046 872.825 -280.028
2047 872.243 -280.128
2048 871.661 -280.228
2049 871.079 -280.328
2050 870.496 -280.428
2051 869.914 -280.528
2052 869.332 -280.628
2053 868.75 -280.728
2054 868.168 -280.828
2055 867.586 -280.928
2056 867.004 -281.028
2057 866.421 -281.128
2058 865.839 -281.228
2059 865.257 -281.328
2060 864.675 -281.428
2061 864.093 -281.528
2062 863.511 -281.628
2063 862.929 -281.728
2064 862.346 -281.828
2065 861.764 -281.928
2066 861.182 -282.028
2067 860.6 -282.128
2068 860.018 -282.228
2069 859.436 -282.328
2070 858.854 -282.428
2071 858.272 -282.528
2072 857.689 -282.628
2073 857.107 -282.728
2074 856.525 -282.828
2075 855.943 -282.928
2076 855.361 -283.028
2077 854.779 -283.128
2078 854.197 -283.228
2079 853.614 -283.328
2080 853.032 -283.428
2081 852.45 -283.528
2082 851.868 -283.628
2083 851.286 -283.728
2084 850.704 -283.828
2085 850.122 -283.928
2086 849.54 -284.028
2087 848.957 -284.128
2088 848.375 -284.228
2089 847.793 -284.328
2090 847.211 -284.428
2091 846.629 -284.528
2092 846.047 -284.628
2093 845.465 -284.728
2094 844.883 -284.828
2095 844.301 -284.928
2096 843.718 -285.028
2097 843.136 -285.128
2098 842.554 -285.228
2099 841.972 -285.328
2100 841.39 -285.428
2101 840.808 -285.528
2102 840.226 -285.628
2103 839.644 -285.728
2104 839.061 -285.828
2105 838.479 -285.928
2106 837.897 -286.028
2107 837.315 -286.128
2108 836.733 -286.228
2109 836.151 -286.328
2110 835.569 -286.428
2111 834.987 -286.528
2112 834.405 -286.628
2113 833.822 -286.728
2114 833.24 -286.828
2115 832.658 -286.928
2116 832.076 -287.028
2117 831.494 -287.128
2118 830.912 -287.228
2119 830.33 -287.328
2120 829.748 -287.428
2121 829.166 -287.528
2122 828.584 -287.628
2123 828.001 -287.728
2124 827.419 -287.828
2125 826.837 -287.928
2126 826.255 -288.028
2127 825.673 -288.128
2128 825.091 -288.228
2129 824.509 -288.328
2130 823.927 -288.428
2131 823.345 -288.528
2132 822.763 -288.628
2133 822.18 -288.728
2134 821.598 -288.828
2135 821.016 -288.928
2136 820.434 -289.028
2137 819.852 -289.128
2138 819.27 -289.228
2139 818.688 -289.328
2140 818.106 -289.428
2141 817.524 -289.528
2142 816.942 -289.628
2143 816.359 -289.728
2144 815.777 -289.828
2145 815.195 -289.928
2146 814.613 -290.028
2147 814.031 -290.128
2148 813.449 -290.228
2149 812.867 -290.328
2150 812.285 -290.428
2151 811.703 -290.528
2152 811.121 -290.628
2153 810.539 -290.728
2154 809.956 -290.828
2155 809.374 -290.928
2156 808.792 -291.028
2157 808.21 -291.128
2158 807.628 -291.228
2159 807.046 -291.328
2160 806.464 -291.428
2161 805.882 -291.528
2162 805.3 -291.628
2163 804.718 -291.728
2164 804.136 -291.828
2165 803.554 -291.928
2166 802.971 -292.028
2167 802.389 -292.128
2168 801.807 -292.228
2169 801.225 -292.328
2170 800.643 -292.428
2171 800.061 -292.528
2172 799.479 -292.628
2173 798.897 -292.728
2174 798.315 -292.828
2175 797.733 -292.928
2176 797.151 -293.028
2177 796.569 -293.128
2178 795.987 -293.228
2179 795.404 -293.328
2180 794.822 -293.428
2181 794.24 -293.528
2182 793.658 -293.628
2183 793.076 -293.728
2184 792.494 -293.828
2185 791.912 -293.928
2186 791.33 -294.028
2187 790.748 -294.128
2188 790.166 -294.228
2189 789.584 -294.328
2190 789.002 -294.428
2191 788.42 -294.528
2192 787.837 -294.628
2193 787.255 -294.728
2194 786.673 -294.828
2195 786.091 -294.928
2196 785.509 -295.028
2197 784.927 -295.128
2198 784.345 -295.228
2199 783.763 -295.328
2200 783.181 -295.428
2201 782.599 -295.528
2202 782.017 -295.628
2203 781.435 -295.728
2204 780.853 -295.828
2205 780.271 -295.928
2206 779.689 -296.028
2207 779.106 -296.128
2208 778.524 -296.228
2209 777.942 -296.328
2210 777.36 -296.428
2211 776.778 -296.528
2212 776.196 -296.628
2213 775.614 -296.728
2214 775.032 -296.828
2215 774.45 -296.928
2216 773.868 -297.028
2217 773.286 -297.128
2218 772.704 -297.228
2219 772.122 -297.328
2220 771.54 -297.428
2221 770.958 -297.528
2222 770.376 -297.628
2223 769.793 -297.728
2224 769.211 -297.828
2225 768.629 -297.928
2226 768.047 -298.028
2227 767.465 -298.128
2228 766.883 -298.228
2229 766.301 -298.328
2230 765.719 -298.428
2231 765.137 -298.528
2232 764.555 -298.628
2233 763.973 -298.728
2234 763.391 -298.828
2235 762.809 -298.928
2236 762.227 -299.028
2237 761.645 -299.128
2238 761.063 -299.228
2239 760.481 -299.328
2240 759.899 -299.428
2241 759.316 -299.528
2242 758.734 -299.628
2243 758.152 -299.728
2244 757.57 -299.828
2245 756.988 -299.928
2246 756.406 -300.028
2247 755.824 -300.128
2248 755.242 -300.228
2249 754.66 -300.328
2250 754.078 -300.428
2251 753.496 -300.528
2252 752.914 -300.628
2253 752.332 -300.728
2254 751.75 -300.828
2255 751.168 -300.928
2256 750.586 -301.028
2257 750.004 -301.128
2258 749.422 -301.228
2259 748.84 -301.328
2260 748.258 -301.428
2261 747.676 -301.528
2262 747.093 -301.628
2263 746.511 -301.728
2264 745.929 -301.828
2265 745.347 -301.928
2266 744.765 -302.028
2267 744.183 -302.128
2268 743.601 -302.228
2269 743.019 -302.328
2270 742.437 -302.428
2271 741.855 -302.528
2272 741.273 -302.628
2273 740.691 -302.728
2274 740.109 -302.828
2275 739.527 -302.928
2276 738.945 -303.028
2277 738.363 -303.128
2278 737.781 -303.228
2279 737.199 -303.328
2280 736.617 -303.428
2281 736.035 -303.528
2282 735.453 -303.628
2283 734.871 -303.728
2284 734.289 -303.828
2285 733.707 -303.928
2286 733.124 -304.028
2287 732.542 -304.128
2288 731.96 -304.228
2289 731.378 -304.328
2290 730.796 -304.428
2291 730.214 -304.528
2292 729.632 -304.628
2293 729.05 -304.728
2294 728.468 -304.828
2295 727.886 -304.928
2296 727.304 -305.028
2297 726.722 -305.128
2298 726.14 -305.228
2299 725.558 -305.328
2300 724.976 -305.428
2301 724.394 -305.528
2302 723.812 -305.628
2303 723.23 -305.728
2304 722.648 -305.828
2305 722.066 -305.928
2306 721.484 -306.028
2307 720.902 -306.128
2308 720.32 -306.228
2309 719.738 -306.328
2310 719.156 -306.428
2311 718.574 -306.528
2312 717.992 -306.628
2313 717.41 -306.728
2314 716.828 -306.828
2315 716.245 -306.928
2316 715.663 -307.028
2317 715.081 -307.128
2318 714.499 -307.228
2319 713.917 -307.328
2320 713.335 -307.428
2321 712.753 -307.528
2322 712.171 -307.628
2323 711.589 -307.728
2324 711.007 -307.828
2325 710.425 -307.928
2326 709.843 -308.028
2327 709.261 -308.128
2328 708.679 -308.228
2329 708.097 -308.328
2330 707.515 -308.428
2331 706.933 -308.528
2332 706.351 -308.628
2333 705.769 -308.728
2334 705.187 -308.828
2335 704.605 -308.928
2336 704.023 -309.028
2337 703.441 -309.128
2338 702.859 -309.228
2339 702.277 -309.328
2340 701.695 -309.428
2341 701.113 -309.528
2342 700.531 -309.628
2343 699.949 -309.728
2344 699.367 -309.828
2345 698.785 -309.928
2346 698.203 -310.028
2347 697.621 -310.128
2348 697.039 -310.228
2349 696.457 -310.328
2350 695.875 -310.428
2351 695.293 -310.528
2352 694.711 -310.628
2353 694.129 -310.728
2354 693.547 -310.828
2355 692.964 -310.928
2356 692.382 -311.028
2357 691.8 -311.128
2358 691.218 -311.228
2359 690.636 -311.328
2360 690.054 -311.428
2361 689.472 -311.528
2362 688.89 -311.628
2363 688.308 -311.728
2364 687.726 -311.828
2365 687.144 -311.928
2366 686.562 -312.028
2367 685.98 -312.128
2368 685.398 -312.228
2369 684.816 -312.328
2370 684.234 -312.428
2371 683.652 -312.528
2372 683.07 -312.628
2373 682.488 -312.728
2374 681.906 -312.828
2375 681.324 -312.928
2376 680.742 -313.028
2377 680.16 -313.128
2378 679.578 -313.228
2379 678.996 -313.328
2380 678.414 -313.428
2381 677.832 -313.528
2382 677.25 -313.628
2383 676.668 -313.728
2384 676.086 -313.828
2385 675.504 -313.928
2386 674.922 -314.028
2387 674.34 -314.128
2388 673.758 -314.228
2389 673.176 -314.328
2390 672.594 -314.428
2391 672.012 -314.528
2392 671.43 -314.628
2393 670.848 -314.728
2394 670.266 -314.828
2395 669.684 -314.928
2396 669.102 -315.028
2397 668.52 -315.128
2398 667.938 -315.228
2399 667.356 -315.328
2400 666.774 -315.428
2401 666.192 -315.528
2402 665.61 -315.628
2403 665.028 -315.728
2404 664.446 -315.828
2405 663.864 -315.928
2406 663.282 -316.028
2407 662.7 -316.128
2408 662.118 -316.228
2409 661.536 -316.328
2410 660.954 -316.428
2411 660.372 -316.528
2412 659.79 -316.628
2413 659.208 -316.728
2414 658.626 -316.828
2415 658.044 -316.928
2416 657.462 -317.028
2417 656.88 -317.128
2418 656.298 -317.228
2419 655.716 -317.328
2420 655.134 -317.428
2421 654.552 -317.528
2422 653.97 -317.628
2423 653.388 -317.728
2424 652.806 -317.828
2425 652.224 -317.928
2426 651.642 -318.028
2427 651.06 -318.128
2428 650.478 -318.228
2429 649.896 -318.328
2430 649.314 -318.428
2431 648.732 -318.528
2432 648.15 -318.628
2433 647.568 -318.728
2434 646.986 -318.828
2435 646.404 -318.928
2436 645.822 -319.028
2437 645.24 -319.128
2438 644.658 -319.228
2439 644.076 -319.328
2440 643.494 -319.428
2441 642.912 -319.528
2442 642.33 -319.628
2443 641.748 -319.728
2444 641.166 -319.828
2445 640.584 -319.928
2446 640.001 -320.028
2447 639.419 -320.128
2448 638.837 -320.228
2449 638.255 -320.328
2450 637.673 -320.428
2451 637.091 -320.528
2452 636.509 -320.628
2453 635.927 -320.728
2454 635.345 -320.828
2455 634.763 -320.928
2456 634.181 -321.028
2457 633.599 -321.128
2458 633.017 -321.228
2459 632.435 -321.328
2460 631.853 -321.428
2461 631.271 -321.528
2462 630.689 -321.628
2463 630.107 -321.728
2464 629.525 -321.828
2465 628.943 -321.928
2466 628.361 -322.028
2467 627.779 -322.128
2468 627.197 -322.228
2469 626.615 -322.328
2470 626.033 -322.428
2471 625.451 -322.528
2472 624.869 -322.628
2473 624.287 -322.728
2474 623.705 -322.828
2475 623.123 -322.928
2476 622.541 -323.028
2477 621.959 -323.128
2478 621.377 -323.228
2479 620.795 -323.328
2480 620.213 -323.428
2481 619.632 -323.528
2482 619.05 -323.628
2483 618.468 -323.728
2484 617.886 -323.828
2485 617.304 -323.928
2486 616.722 -324.028
2487 616.14 -324.128
2488 615.558 -324.228
2489 614.976 -324.328
2490 614.394 -324.428
2491 613.812 -324.528
2492 613.23 -324.628
2493 612.648 -324.728
2494 612.066 -324.828
2495 611.484 -324.928
2496 610.902 -325.028
2497 610.32 -325.128
2498 609.738 -325.228
2499 609.156 -325.328
2500 608.574 -325.428
2501 607.992 -325.528
2502 607.41 -325.628
2503 606.828 -325.728
2504 606.246 -325.828
2505 605.664 -325.928
2506 605.082 -326.028
2507 604.5 -326.128
2508 603.918 -326.228
2509 603.336 -326.328
2510 602.754 -326.428
2511 602.172 -326.528
2512 601.59 -326.628
2513 601.008 -326.728
2514 600.426 -326.828
2515 599.844 -326.928
2516 599.262 -327.028
2517 598.68 -327.128
2518 598.098 -327.228
2519 597.516 -327.328
2520 596.934 -327.428
2521 596.352 -327.528
2522 595.77 -327.628
2523 595.188 -327.728
2524 594.606 -327.828
2525 594.024 -327.928
2526 593.442 -328.028
2527 592.86 -328.128
2528 592.278 -328.228
2529 591.696 -328.328
2530 591.114 -328.428
2531 590.532 -328.528
2532 589.95 -328.628
2533 589.368 -328.728
2534 588.786 -328.828
2535 588.204 -328.928
2536 587.622 -329.028
2537 587.04 -329.128
2538 586.458 -329.228
2539 585.876 -329.328
2540 585.294 -329.428
2541 584.712 -329.528
2542 584.13 -329.628
2543 583.548 -329.728
2544 582.966 -329.828
2545 582.384 -329.928
2546 581.802 -330.028
2547 581.22 -330.128
2548 580.638 -330.228
2549 580.056 -330.328
2550 579.474 -330.428
2551 578.892 -330.528
2552 578.31 -330.628
2553 577.728 -330.728
2554 577.146 -330.828
2555 576.564 -330.928
2556 575.982 -331.028
2557 575.4 -331.128
2558 574.818 -331.228
2559 574.236 -331.328
2560 573.654 -331.428
2561 573.072 -331.528
2562 572.49 -331.628
2563 571.908 -331.728
2564 571.326 -331.828
2565 570.744 -331.928
2566 570.162 -332.028
2567 569.58 -332.128
2568 568.998 -332.228
2569 568.416 -332.328
2570 567.834 -332.428
2571 567.252 -332.528
2572 566.67 -332.628
2573 566.088 -332.728
2574 565.506 -332.828
2575 564.924 -332.928
2576 564.342 -333.028
2577 563.76 -333.128
2578 563.178 -333.228
2579 562.596 -333.328
2580 562.014 -333.428
2581 561.432 -333.528
2582 560.85 -333.628
2583 560.268 -333.728
2584 559.686 -333.828
2585 559.104 -333.928
2586 558.522 -334.028
2587 557.941 -334.128
2588 557.359 -334.228
2589 556.777 -334.328
2590 556.195 -334.428
2591 555.613 -334.528
2592 555.031 -334.628
2593 554.449 -334.728
2594 553.867 -334.828
2595 553.285 -334.928
2596 552.703 -335.028
2597 552.121 -335.128
2598 551.539 -335.228
2599 550.957 -335.328
2600 550.375 -335.428
2601 549.793 -335.528
2602 549.211 -335.628
2603 548.629 -335.728
2604 548.047 -335.828
2605 547.465 -335.928
2606 546.883 -336.028
2607 546.301 -336.128
2608 545.719 -336.228
2609 545.137 -336.328
2610 544.555 -336.428
2611 543.973 -336.528
2612 543.391 -336.628
2613 542.809 -336.728
2614 542.227 -336.828
2615 541.645 -336.928
2616 541.063 -337.028
2617 540.481 -337.128
2618 539.899 -337.228
2619 539.317 -337.328
2620 538.735 -337.428
2621 538.153 -337.528
2622 537.571 -337.628
2623 536.989 -337.728
2624 536.407 -337.828
2625 535.825 -337.928
2626 535.243 -338.028
2627 534.661 -338.128
2628 534.079 -338.228
2629 533.497 -338.328
2630 532.915 -338.428
2631 532.333 -338.528
2632 531.751 -338.628
2633 531.169 -338.728
2634 530.587 -338.828
2635 530.005 -338.928
2636 529.423 -339.028
2637 528.841 -339.128
2638 528.259 -339.228
2639 527.677 -339.328
2640 527.095 -339.428
2641 526.513 -339.528
2642 525.931 -339.628
2643 525.35 -339.728
2644 524.768 -339.828
2645 524.186 -339.928
2646 523.604 -340.028
2647 523.022 -340.128
2648 522.44 -340.228
2649 521.858 -340.328
2650 521.276 -340.428
2651 520.694 -340.528
2652 520.112 -340.628
2653 519.53 -340.728
2654 518.948 -340.828
2655 518.366 -340.928
2656 517.784 -341.028
2657 517.202 -341.128
2658 516.62 -341.228
2659 516.038 -341.328
2660 515.456 -341.428
2661 514.874 -341.528
2662 514.292 -341.628
2663 513.71 -341.728
2664 513.128 -341.828
2665 512.546 -341.928
2666 511.964 -342.028
2667 511.382 -342.128
2668 510.8 -342.228
2669 510.218 -342.328
2670 509.636 -342.428
2671 509.054 -342.528
2672 508.472 -342.628
2673 507.89 -342.728
2674 507.308 -342.828
2675 506.726 -342.928
2676 506.144 -343.028
2677 505.562 -343.128
2678 504.98 -343.228
2679 504.398 -343.328
2680 503.816 -343.428
2681 503.234 -343.528
2682 502.652 -343.628
2683 502.07 -343.728
2684 501.488 -343.828
2685 500.906 -343.928
2686 500.324 -344.028
2687 499.742 -344.128
2688 499.161 -344.228
2689 498.579 -344.328
2690 497.997 -344.428
2691 497.415 -344.528
2692 496.833 -344.628
2693 496.251 -344.728
2694 495.669 -344.828
2695 495.087 -344.928
2696 494.505 -345.028
2697 493.923 -345.128
2698 493.341 -345.228
2699 492.759 -345.328
2700 492.177 -345.428
2701 491.595 -345.528
2702 491.013 -345.628
2703 490.431 -345.728
2704 489.849 -345.828
2705 489.267 -345.928
2706 488.685 -346.028
2707 488.103 -346.128
2708 487.521 -346.228
2709 486.939 -346.328
2710 486.357 -346.428
2711 485.775 -346.528
2712 485.193 -346.628
2713 484.611 -346.728
2714 484.029 -346.828
2715 483.447 -346.928
2716 482.865 -347.028
2717 482.283 -347.128
2718 481.701 -347.228
2719 481.119 -347.328
2720 480.537 -347.428
2721 479.955 -347.528
2722 479.373 -347.628
2723 478.791 -347.728
2724 478.209 -347.828
2725 477.627 -347.928
2726 477.045 -348.028
2727 476.463 -348.128
2728 475.882 -348.228
2729 475.3 -348.328
2730 474.718 -348.428
2731 474.136 -348.528
2732 473.554 -348.628
2733 472.972 -348.728
2734 472.39 -348.828
2735 471.808 -348.928
2736 471.226 -349.028
2737 470.644 -349.128
2738 470.062 -349.228
2739 469.48 -349.328
2740 468.898 -349.428
2741 468.316 -349.528
2742 467.734 -349.628
2743 467.152 -349.728
2744 466.57 -349.828
2745 465.988 -349.928
2746 465.406 -350.028
2747 464.824 -350.128
2748 464.242 -350.228
2749 463.66 -350.328
2750 463.078 -350.428
2751 462.496 -350.528
2752 461.914 -350.628
2753 461.332 -350.728
2754 460.75 -350.828
2755 460.168 -350.928
2756 459.586 -351.028
2757 459.004 -351.128
2758 458.422 -351.228
2759 457.84 -351.328
2760 457.258 -351.428
2761 456.676 -351.528
2762 456.094 -351.628
2763 455.512 -351.728
2764 454.93 -351.828
2765 454.349 -351.928
2766 453.767 -352.028
2767 453.185 -352.128
2768 452.603 -352.228
2769 452.021 -352.328
2770 451.439 -352.428
2771 450.857 -352.528
2772 450.275 -352.628
2773 449.693 -352.728
2774 449.111 -352.828
2775 448.529 -352.928
2776 447.947 -353.028
2777 447.365 -353.128
2778 446.783 -353.228
2779 446.201 -353.328
2780 445.619 -353.428
2781 445.037 -353.528
2782 444.455 -353.628
2783 443.873 -353.728
2784 443.291 -353.828
2785 442.709 -353.928
2786 442.127 -354.028
2787 441.545 -354.128
2788 440.963 -354.228
2789 440.381 -354.328
2790 439.799 -354.428
2791 439.217 -354.528
2792 438.635 -354.628
2793 438.053 -354.728
2794 437.471 -354.828
2795 436.889 -354.928
2796 436.307 -355.028
2797 435.725 -355.128
2798 435.143 -355.228
2799 434.562 -355.328
2800 433.98 -355.428
2801 433.398 -355.528
2802 432.816 -355.628
2803 432.234 -355.728
2804 431.652 -355.828
2805 431.07 -355.928
2806 430.488 -356.028
2807 429.906 -356.128
2808 429.324 -356.228
2809 428.742 -356.328
2810 428.16 -356.428
2811 427.578 -356.528
2812 426.996 -356.628
2813 426.414 -356.728
2814 425.832 -356.828
2815 425.25 -356.928
2816 424.668 -357.028
2817 424.086 -357.128
2818 423.504 -357.228
2819 422.922 -357.328
2820 422.34 -357.428
2821 421.758 -357.528
2822 421.176 -357.628
2823 420.594 -357.728
2824 420.012 -357.828
2825 419.43 -357.928
2826 418.848 -358.028
2827 418.266 -358.128
2828 417.684 -358.228
2829 417.102 -358.328
2830 416.52 -358.428
2831 415.938 -358.528
2832 415.357 -358.628
2833 414.775 -358.728
2834 414.193 -358.828
2835 413.611 -358.928
2836 413.029 -359.028
2837 412.447 -359.128
2838 411.865 -359.228
2839 411.283 -359.328
2840 410.701 -359.428
2841 410.119 -359.528
2842 409.537 -359.628
2843 408.955 -359.728
2844 408.373 -359.828
2845 407.791 -359.928
2846 407.209 -360.028
2847 406.627 -360.128
2848 406.045 -360.228
2849 405.463 -360.328
2850 404.881 -360.428
2851 404.299 -360.528
2852 403.717 -360.628
2853 403.135 -360.728
2854 402.553 -360.828
2855 401.971 -360.928
2856 401.389 -361.028
2857 400.807 -361.128
2858 400.225 -361.228
2859 399.643 -361.328
2860 399.061 -361.428
2861 398.479 -361.528
2862 397.897 -361.628
2863 397.316 -361.728
2864 396.734 -361.828
2865 396.152 -361.928
2866 395.57 -362.028
2867 394.988 -362.128
2868 394.406 -362.228
2869 393.824 -362.328
2870 393.242 -362.428
2871 392.66 -362.528
2872 392.078 -362.628
2873 391.496 -362.728
2874 390.914 -362.828
2875 390.332 -362.928
2876 389.75 -363.028
2877 389.168 -363.128
2878 388.586 -363.228
2879 388.004 -363.328
2880 387.422 -363.428
2881 386.84 -363.528
2882 386.258 -363.628
2883 385.676 -363.728
2884 385.094 -363.828
2885 384.512 -363.928
2886 383.93 -364.028
2887 383.348 -364.128
2888 382.766 -364.228
2889 382.184 -364.328
2890 381.602 -364.428
2891 381.02 -364.528
2892 380.438 -364.628
2893 379.856 -364.728
2894 379.275 -364.828
2895 378.693 -364.928
2896 378.111 -365.028
2897 377.529 -365.128
2898 376.947 -365.228
2899 376.365 -365.328
2900 375.783 -365.428
2901 375.201 -365.528
2902 374.619 -365.628
2903 374.037 -365.728
2904 373.455 -365.828
2905 372.873 -365.928
2906 372.291 -366.028
2907 371.709 -366.128
2908 371.127 -366.228
2909 370.545 -366.328
2910 369.963 -366.428
2911 369.381 -366.528
2912 368.799 -366.628
2913 368.217 -366.728
2914 367.635 -366.828
2915 367.053 -366.928
2916 366.471 -367.028
2917 365.889 -367.128
2918 365.307 -367.228
2919 364.725 -367.328
2920 364.143 -367.428
2921 363.561 -367.528
2922 362.979 -367.628
2923 362.398 -367.728
2924 361.816 -367.828
2925 361.234 -367.928
2926 360.652 -368.028
2927 360.07 -368.128
2928 359.488 -368.228
2929 358.906 -368.328
2930 358.324 -368.428
2931 357.742 -368.528
2932 357.16 -368.628
2933 356.578 -368.728
2934 355.996 -368.828
2935 355.414 -368.928
2936 354.832 -369.028
2937 354.25 -369.128
2938 353.668 -369.228
2939 353.086 -369.328
2940 352.504 -369.428
2941 351.922 -369.528
2942 351.34 -369.628
2943 350.758 -369.728
2944 350.176 -369.828
2945 349.594 -369.928
2946 349.012 -370.028
2947 348.43 -370.128
2948 347.848 -370.228
2949 347.266 -370.328
2950 346.684 -370.428
2951 346.102 -370.528
2952 345.521 -370.628
2953 344.939 -370.728
2954 344.357 -370.828
2955 343.775 -370.928
2956 343.193 -371.028
2957 342.611 -371.128
2958 342.029 -371.228
2959 341.447 -371.328
2960 340.865 -371.428
2961 340.283 -371.528
2962 339.701 -371.628
2963 339.119 -371.728
2964 338.537 -371.828
2965 337.955 -371.928
2966 337.373 -372.028
2967 336.791 -372.128
2968 336.209 -372.228
2969 335.627 -372.328
2970 335.045 -372.428
2971 334.463 -372.528
2972 333.881 -372.628
2973 333.299 -372.728
2974 332.717 -372.828
2975 332.135 -372.928
2976 331.553 -373.028
2977 330.971 -373.128
2978 330.389 -373.228
2979 329.807 -373.328
2980 329.226 -373.428
2981 328.644 -373.528
2982 328.062 -373.628
2983 327.48 -373.728
2984 326.898 -373.828
2985 326.316 -373.928
2986 325.734 -374.028
2987 325.152 -374.128
2988 324.57 -374.228
2989 323.988 -374.328
2990 323.406 -374.428
2991 322.824 -374.528
2992 322.242 -374.628
2993 321.66 -374.728
2994 321.078 -374.828
2995 320.496 -374.928
2996 319.914 -375.028
2997 319.332 -375.128
2998 318.75 -375.228
2999 318.168 -375.328
3000 317.586 -375.428
3001 317.004 -375.528
3002 316.422 -375.628
3003 315.84 -375.728
3004 315.258 -375.828
3005 314.676 -375.928
3006 314.094 -376.028
3007 313.513 -376.128
3008 312.931 -376.228
3009 312.349 -376.328
3010 311.767 -376.428
3011 311.185 -376.528
3012 310.603 -376.628
3013 310.021 -376.728
3014 309.439 -376.828
3015 308.857 -376.928
3016 308.275 -377.028
3017 307.693 -377.128
3018 307.111 -377.228
3019 306.529 -377.328
3020 305.947 -377.428
3021 305.365 -377.528
3022 304.783 -377.628
3023 304.201 -377.728
3024 303.619 -377.828
3025 303.037 -377.928
3026 302.455 -378.028
3027 301.873 -378.128
3028 301.291 -378.228
3029 300.709 -378.328
3030 300.127 -378.428
3031 299.545 -378.528
3032 298.963 -378.628
3033 298.381 -378.728
3034 297.799 -378.828
3035 297.218 -378.928
3036 296.636 -379.028
3037 296.054 -379.128
3038 295.472 -379.228
3039 294.89 -379.328
3040 294.308 -379.428
3041 293.726 -379.528
3042 293.144 -379.628
3043 292.562 -379.728
3044 291.98 -379.828
3045 291.398 -379.928
3046 290.816 -380.028
3047 290.234 -380.128
3048 289.652 -380.228
3049 289.07 -380.328
3050 288.488 -380.428
3051 287.906 -380.528
3052 287.324 -380.628
3053 286.742 -380.728
3054 286.16 -380.828
3055 285.578 -380.928
3056 284.996 -381.028
3057 284.414 -381.128
3058 283.832 -381.228
3059 283.25 -381.328
3060 282.668 -381.428
3061 282.087 -381.528
3062 281.505 -381.628
3063 280.923 -381.728
3064 280.341 -381.828
3065 279.759 -381.928
3066 279.177 -382.028
3067 278.595 -382.128
3068 278.013 -382.228
3069 277.431 -382.328
3070 276.849 -382.428
3071 276.267 -382.528
3072 275.685 -382.628
3073 275.103 -382.728
3074 274.521 -382.828
3075 273.939 -382.928
3076 273.357 -383.028
3077 272.775 -383.128
3078 272.193 -383.228
3079 271.611 -383.328
3080 271.029 -383.428
3081 270.447 -383.528
3082 269.865 -383.628
3083 269.283 -383.728
3084 268.701 -383.828
3085 268.119 -383.928
3086 267.537 -384.028
3087 266.955 -384.128
3088 266.374 -384.228
3089 265.792 -384.328
3090 265.21 -384.428
3091 264.628 -384.528
3092 264.046 -384.628
3093 263.464 -384.728
3094 262.882 -384.828
3095 262.3 -384.928
3096 261.718 -385.028
3097 261.136 -385.128
3098 260.554 -385.228
3099 259.972 -385.328
3100 259.39 -385.428
3101 258.808 -385.528
3102 258.226 -385.628
3103 257.644 -385.728
3104 257.062 -385.828
3105 256.48 -385.928
3106 255.898 -386.028
3107 255.316 -386.128
3108 254.734 -386.228
3109 254.152 -386.328
3110 253.57 -386.428
3111 252.988 -386.528
3112 252.406 -386.628
3113 251.824 -386.728
3114 251.243 -386.828
3115 250.661 -386.928
3116 250.079 -387.028
3117 249.497 -387.128
3118 248.915 -387.228
3119 248.333 -387.328
3120 247.751 -387.428
3121 247.169 -387.528
3122 246.587 -387.628
3123 246.005 -387.728
3124 245.423 -387.828
3125 244.841 -387.928
3126 244.259 -388.028
3127 243.677 -388.128
3128 243.095 -388.228
3129 242.513 -388.328
3130 241.931 -388.428
3131 241.349 -388.528
3132 240.767 -388.628
3133 240.185 -388.728
3134 239.603 -388.828
3135 239.021 -388.928
3136 238.439 -389.028
3137 237.857 -389.128
3138 237.275 -389.228
3139 236.693 -389.328
3140 236.112 -389.428
3141 235.53 -389.528
3142 234.948 -389.628
3143 234.366 -389.728
3144 233.784 -389.828
3145 233.202 -389.928
3146 232.62 -390.028
3147 232.038 -390.128
3148 231.456 -390.228
3149 230.874 -390.328
3150 230.292 -390.428
3151 229.71 -390.528
3152 229.128 -390.628
3153 228.546 -390.728
3154 227.964 -390.828
3155 227.382 -390.928
3156 226.8 -391.028
3157 226.218 -391.128
3158 225.636 -391.228
3159 225.054 -391.328
3160 224.472 -391.428
3161 223.89 -391.528
3162 223.308 -391.628
3163 222.726 -391.728
3164 222.144 -391.828
3165 221.562 -391.928
3166 220.981 -392.028
3167 220.399 -392.128
3168 219.817 -392.228
3169 219.235 -392.328
3170 218.653 -392.428
3171 218.071 -392.528
3172 217.489 -392.628
3173 216.907 -392.728
3174 216.325 -392.828
3175 215.743 -392.928
3176 215.161 -393.028
3177 214.579 -393.128
3178 213.997 -393.228
3179 213.415 -393.328
3180 212.833 -393.428
3181 212.251 -393.528
3182 211.669 -393.628
3183 211.087 -393.728
3184 210.505 -393.828
3185 209.923 -393.928
3186 209.341 -394.028
3187 208.759 -394.128
3188 208.177 -394.228
3189 207.595 -394.328
3190 207.013 -394.428
3191 206.432 -394.528
3192 205.85 -394.628
3193 205.268 -394.728
3194 204.686 -394.828
3195 204.104 -394.928
3196 203.522 -395.028
3197 202.94 -395.128
3198 202.358 -395.228
3199 201.776 -395.328
3200 201.194 -395.428
3201 200.612 -395.528
3202 200.03 -395.628
3203 199.448 -395.728
3204 198.866 -395.828
3205 198.284 -395.928
3206 197.702 -396.028
3207 197.12 -396.128
3208 196.538 -396.228
3209 195.956 -396.328
3210 195.374 -396.428
3211 194.792 -396.528
3212 194.21 -396.628
3213 193.628 -396.728
3214 193.046 -396.828
3215 192.464 -396.928
3216 191.883 -397.028
3217 191.301 -397.128
3218 190.719 -397.228
3219 190.137 -397.328
3220 189.555 -397.428
3221 188.973 -397.528
3222 188.391 -397.628
3223 187.809 -397.728
3224 187.227 -397.828
3225 186.645 -397.928
3226 186.063 -398.028
3227 185.481 -398.128
3228 184.899 -398.228
3229 184.317 -398.328
3230 183.735 -398.428
3231 183.153 -398.528
3232 182.571 -398.628
3233 181.989 -398.728
3234 181.407 -398.828
3235 180.825 -398.928
3236 180.243 -399.028
3237 179.661 -399.128
3238 179.079 -399.228
3239 178.497 -399.328
3240 177.915 -399.428
3241 177.333 -399.528
3242 176.752 -399.628
3243 176.17 -399.728
3244 175.588 -399.828
3245 175.006 -399.928
3246 174.424 -400.028
3247 173.842 -400.128
3248 173.26 -400.228
3249 172.678 -400.328
3250 172.096 -400.428
3251 171.514 -400.528
3252 170.932 -400.628
3253 170.35 -400.728
3254 169.768 -400.828
3255 169.186 -400.928
3256 168.604 -401.028
3257 168.022 -401.128
3258 167.44 -401.228
3259 166.858 -401.328
3260 166.276 -401.428
3261 165.694 -401.528
3262 165.112 -401.628
3263 164.53 -401.728
3264 163.948 -401.828
3265 163.366 -401.928
3266 162.784 -402.028
3267 162.203 -402.128
3268 161.621 -402.228
3269 161.039 -402.328
3270 160.457 -402.428
3271 159.875 -402.528
3272 159.293 -402.628
3273 158.711 -402.728
3274 158.129 -402.828
3275 157.547 -402.928
3276 156.965 -403.028
3277 156.383 -403.128
3278 155.801 -403.228
3279 155.219 -403.328
3280 154.637 -403.428
3281 154.055 -403.528
3282 153.473 -403.628
3283 152.891 -403.728
3284 152.309 -403.828
3285 151.727 -403.928
3286 151.145 -404.028
3287 150.563 -404.128
3288 149.981 -404.228
3289 149.399 -404.328
3290 148.817 -404.428
3291 148.236 -404.528
3292 147.654 -404.628
3293 147.072 -404.728
3294 146.49 -404.828
3295 145.908 -404.928
3296 145.326 -405.028
3297 144.744 -405.128
3298 144.162 -405.228
3299 143.58 -405.328
3300 142.998 -405.428
3301 142.416 -405.528
3302 141.834 -405.628
3303 141.252 -405.728
3304 140.67 -405.828
3305 140.088 -405.928
3306 139.506 -406.028
3307 138.924 -406.128
3308 138.342 -406.228
3309 137.76 -406.328
3310 137.178 -406.428
3311 136.596 -406.528
3312 136.014 -406.628
3313 135.432 -406.728
3314 134.85 -406.828
3315 134.268 -406.928
3316 133.687 -407.028
3317 133.105 -407.128
3318 132.523 -407.228
3319 131.941 -407.328
3320 131.359 -407.428
3321 130.777 -407.528
3322 130.195 -407.628
3323 129.613 -407.728
3324 129.031 -407.828
3325 128.449 -407.928
3326 127.867 -408.028
3327 127.285 -408.128
3328 126.703 -408.228
3329 126.121 -408.328
3330 125.539 -408.428
3331 124.957 -408.528
3332 124.375 -408.628
3333 123.793 -408.728
3334 123.211 -408.828
3335 122.629 -408.928
3336 122.047 -409.028
3337 121.465 -409.128
3338 120.883 -409.228
3339 120.301 -409.328
3340 119.719 -409.428
3341 119.138 -409.528
3342 118.556 -409.628
3343 117.974 -409.728
3344 117.392 -409.828
3345 116.81 -409.928
3346 116.228 -410.028
3347 115.646 -410.128
3348 115.064 -410.228
3349 114.482 -410.328
3350 113.9 -410.428
3351 113.318 -410.528
3352 112.736 -410.628
3353 112.154 -410.728
3354 111.572 -410.828
3355 110.99 -410.928
3356 110.408 -411.028
3357 109.826 -411.128
3358 109.244 -411.228
3359 108.662 -411.328
3360 108.08 -411.428
3361 107.498 -411.528
3362 106.916 -411.628
3363 106.334 -411.728
3364 105.752 -411.828
3365 105.171 -411.928
3366 104.589 -412.028
3367 104.007 -412.128
3368 103.425 -412.228
3369 102.843 -412.328
3370 102.261 -412.428
3371 101.679 -412.528
3372 101.097 -412.628
3373 100.515 -412.728
3374 99.9329 -412.828
3375 99.3509 -412.928
3376 98.769 -413.028
3377 98.187 -413.128
3378 97.605 -413.228
3379 97.0231 -413.328
3380 96.4411 -413.428
3381 95.8592 -413.528
3382 95.2772 -413.628
3383 94.6952 -413.728
3384 94.1133 -413.828
3385 93.5313 -413.928
3386 92.9494 -414.028
3387 92.3674 -414.128
3388 91.7854 -414.228
3389 91.2035 -414.328
3390 90.6215 -414.428
3391 90.0396 -414.528
3392 89.4576 -414.628
3393 88.8757 -414.728
3394 88.2937 -414.828
3395 87.7117 -414.928
3396 87.1298 -415.028
3397 86.5478 -415.128
3398 85.9659 -415.228
3399 85.3839 -415.328
3400 84.8019 -415.428
3401 84.22 -415.528
3402 83.638 -415.628
3403 83.0561 -415.728
3404 82.4741 -415.828
3405 81.8921 -415.928
3406 81.3102 -416.028
3407 80.7282 -416.128
3408 80.1463 -416.228
3409 79.5643 -416.328
3410 78.9823 -416.428
3411 78.4004 -416.528
3412 77.8184 -416.628
3413 77.2365 -416.728
3414 76.6545 -416.828
3415 76.0726 -416.928
3416 75.4906 -417.028
3417 74.9086 -417.128
3418 74.3267 -417.228
3419 73.7447 -417.328
3420 73.1628 -417.428
3421 72.5808 -417.528
3422 71.9988 -417.628
3423 71.4169 -417.728
3424 70.8349 -417.828
3425 70.253 -417.928
3426 69.671 -418.028
3427 69.089 -418.128
3428 68.5071 -418.228
3429 67.9251 -418.328
3430 67.3432 -418.428
3431 66.7612 -418.528
3432 66.1793 -418.628
3433 65.5973 -418.728
3434 65.0153 -418.828
3435 64.4334 -418.928
3436 63.8514 -419.028
3437 63.2695 -419.128
3438 62.6875 -419.228
3439 62.1055 -419.328
3440 61.5236 -419.428
3441 60.9416 -419.528
3442 60.3597 -419.628
3443 59.7777 -419.728
3444 59.1957 -419.828
3445 58.6138 -419.928
3446 58.0318 -420.028
3447 57.4499 -420.128
3448 56.8679 -420.228
3449 56.286 -420.328
3450 55.704 -420.428
3451 55.122 -420.528
3452 54.5401 -420.628
3453 53.9581 -420.728
3454 53.3762 -420.828
3455 52.7942 -420.928
3456 52.2122 -421.028
3457 51.6303 -421.128
3458 51.0483 -421.228
3459 50.4664 -421.328
3460 49.8844 -421.428
3461 49.3024 -421.528
3462 48.7205 -421.628
3463 48.1385 -421.728
3464 47.5566 -421.828
3465 46.9746 -421.928
3466 46.3927 -422.028
3467 45.8107 -422.128
3468 45.2287 -422.228
3469 44.6468 -422.328
3470 44.0648 -422.428
3471 43.4829 -422.528
3472 42.9009 -422.628
3473 42.3189 -422.728
3474 41.737 -422.828
3475 41.155 -422.928
3476 40.5731 -423.028
3477 39.9911 -423.128
3478 39.4092 -423.228
3479 38.8272 -423.328
3480 38.2452 -423.428
3481 37.6633 -423.528
3482 37.0813 -423.628
3483 36.4994 -423.728
3484 35.9174 -423.828
3485 35.3354 -423.928
3486 34.7535 -424.028
3487 34.1715 -424.128
3488 33.5896 -424.228
3489 33.0076 -424.328
3490 32.4256 -424.428
3491 31.8437 -424.528
3492 31.2617 -424.628
3493 30.6798 -424.728
3494 30.0978 -424.828
3495 29.5159 -424.928
3496 28.9339 -425.028
3497 28.3519 -425.128
3498 27.77 -425.228
3499 27.188 -425.328
3500 26.6061 -425.428
3501 26.0241 -425.528
3502 25.4421 -425.628
3503 24.8602 -425.728
3504 24.2782 -425.828
3505 23.6963 -425.928
3506 23.1143 -426.028
3507 22.5324 -426.128
3508 21.9504 -426.228
3509 21.3684 -426.328
3510 20.7865 -426.428
3511 20.2045 -426.528
3512 19.6226 -426.628
3513 19.0406 -426.728
3514 18.4586 -426.828
3515 17.8767 -426.928
3516 17.2947 -427.028
3517 16.7128 -427.128
3518 16.1308 -427.228
3519 15.5489 -427.328
3520 14.9669 -427.428
3521 14.3849 -427.528
3522 13.803 -427.628
3523 13.221 -427.728
3524 12.6391 -427.828
3525 12.0571 -427.928
3526 11.4751 -428.028
3527 10.8932 -428.128
3528 10.3112 -428.228
3529 9.72927 -428.328
3530 9.14731 -428.428
3531 8.56535 -428.528
3532 7.98339 -428.628
3533 7.40143 -428.728
3534 6.81947 -428.828
3535 6.23752 -428.928
3536 5.65556 -429.028
3537 5.0736 -429.128
3538 4.49164 -429.228
3539 3.90968 -429.328
3540 3.32772 -429.428
3541 2.74576 -429.528
3542 2.16381 -429.628
3543 1.58185 -429.728
3544 0.999889 -429.828
3545 0.417931 -429.928
